0  Dummy_Only_top_diel
Q  1  0.0 0.0 0.0  301.6875 0.0 0.0  301.6875 22.68375015258789 0.0  0.0 22.68375015258789 0.0
Q  1  0.0 204.15374755859375 0.0  301.6875 204.15374755859375 0.0  301.6875 226.83749389648438 0.0  0.0 226.83749389648438 0.0
Q  1  0.0 22.68375015258789 0.0  30.168750762939453 22.68375015258789 0.0  30.168750762939453 204.15374755859375 0.0  0.0 204.15374755859375 0.0
Q  1  271.51873779296875 22.68375015258789 0.0  301.6875 22.68375015258789 0.0  301.6875 204.15374755859375 0.0  271.51873779296875 204.15374755859375 0.0
Q  1  30.168750762939453 182.09375 0.0  31.518749237060547 182.09375 0.0  31.518749237060547 183.74374389648438 0.0  30.168750762939453 183.74374389648438 0.0
Q  1  36.16875076293945 182.09375 0.0  37.51874923706055 182.09375 0.0  37.51874923706055 183.74374389648438 0.0  36.16875076293945 183.74374389648438 0.0
Q  1  42.16875076293945 182.09375 0.0  43.51874923706055 182.09375 0.0  43.51874923706055 183.74374389648438 0.0  42.16875076293945 183.74374389648438 0.0
Q  1  48.16875076293945 182.09375 0.0  49.51874923706055 182.09375 0.0  49.51874923706055 183.74374389648438 0.0  48.16875076293945 183.74374389648438 0.0
Q  1  54.16875076293945 182.09375 0.0  55.51874923706055 182.09375 0.0  55.51874923706055 183.74374389648438 0.0  54.16875076293945 183.74374389648438 0.0
Q  1  60.16875076293945 182.09375 0.0  61.51874923706055 182.09375 0.0  61.51874923706055 183.74374389648438 0.0  60.16875076293945 183.74374389648438 0.0
Q  1  66.16874694824219 182.09375 0.0  67.51875305175781 182.09375 0.0  67.51875305175781 183.74374389648438 0.0  66.16874694824219 183.74374389648438 0.0
Q  1  72.16874694824219 182.09375 0.0  73.51875305175781 182.09375 0.0  73.51875305175781 183.74374389648438 0.0  72.16874694824219 183.74374389648438 0.0
Q  1  78.16874694824219 182.09375 0.0  79.51875305175781 182.09375 0.0  79.51875305175781 183.74374389648438 0.0  78.16874694824219 183.74374389648438 0.0
Q  1  84.16874694824219 182.09375 0.0  85.51875305175781 182.09375 0.0  85.51875305175781 183.74374389648438 0.0  84.16874694824219 183.74374389648438 0.0
Q  1  90.16874694824219 182.09375 0.0  91.51875305175781 182.09375 0.0  91.51875305175781 183.74374389648438 0.0  90.16874694824219 183.74374389648438 0.0
Q  1  96.16874694824219 182.09375 0.0  97.51875305175781 182.09375 0.0  97.51875305175781 183.74374389648438 0.0  96.16874694824219 183.74374389648438 0.0
Q  1  102.16874694824219 182.09375 0.0  103.51875305175781 182.09375 0.0  103.51875305175781 183.74374389648438 0.0  102.16874694824219 183.74374389648438 0.0
Q  1  108.16874694824219 182.09375 0.0  109.51875305175781 182.09375 0.0  109.51875305175781 183.74374389648438 0.0  108.16874694824219 183.74374389648438 0.0
Q  1  114.16874694824219 182.09375 0.0  115.51875305175781 182.09375 0.0  115.51875305175781 183.74374389648438 0.0  114.16874694824219 183.74374389648438 0.0
Q  1  120.16874694824219 182.09375 0.0  121.51875305175781 182.09375 0.0  121.51875305175781 183.74374389648438 0.0  120.16874694824219 183.74374389648438 0.0
Q  1  126.16874694824219 182.09375 0.0  127.51875305175781 182.09375 0.0  127.51875305175781 183.74374389648438 0.0  126.16874694824219 183.74374389648438 0.0
Q  1  132.1687469482422 182.09375 0.0  133.5187530517578 182.09375 0.0  133.5187530517578 183.74374389648438 0.0  132.1687469482422 183.74374389648438 0.0
Q  1  138.1687469482422 182.09375 0.0  139.5187530517578 182.09375 0.0  139.5187530517578 183.74374389648438 0.0  138.1687469482422 183.74374389648438 0.0
Q  1  144.1687469482422 182.09375 0.0  145.5187530517578 182.09375 0.0  145.5187530517578 183.74374389648438 0.0  144.1687469482422 183.74374389648438 0.0
Q  1  150.1687469482422 182.09375 0.0  151.5187530517578 182.09375 0.0  151.5187530517578 183.74374389648438 0.0  150.1687469482422 183.74374389648438 0.0
Q  1  156.1687469482422 182.09375 0.0  157.5187530517578 182.09375 0.0  157.5187530517578 183.74374389648438 0.0  156.1687469482422 183.74374389648438 0.0
Q  1  162.1687469482422 182.09375 0.0  163.5187530517578 182.09375 0.0  163.5187530517578 183.74374389648438 0.0  162.1687469482422 183.74374389648438 0.0
Q  1  168.1687469482422 182.09375 0.0  169.5187530517578 182.09375 0.0  169.5187530517578 183.74374389648438 0.0  168.1687469482422 183.74374389648438 0.0
Q  1  174.1687469482422 182.09375 0.0  175.5187530517578 182.09375 0.0  175.5187530517578 183.74374389648438 0.0  174.1687469482422 183.74374389648438 0.0
Q  1  180.1687469482422 182.09375 0.0  181.5187530517578 182.09375 0.0  181.5187530517578 183.74374389648438 0.0  180.1687469482422 183.74374389648438 0.0
Q  1  186.1687469482422 182.09375 0.0  187.5187530517578 182.09375 0.0  187.5187530517578 183.74374389648438 0.0  186.1687469482422 183.74374389648438 0.0
Q  1  192.1687469482422 182.09375 0.0  193.5187530517578 182.09375 0.0  193.5187530517578 183.74374389648438 0.0  192.1687469482422 183.74374389648438 0.0
Q  1  198.1687469482422 182.09375 0.0  199.5187530517578 182.09375 0.0  199.5187530517578 183.74374389648438 0.0  198.1687469482422 183.74374389648438 0.0
Q  1  204.1687469482422 182.09375 0.0  205.5187530517578 182.09375 0.0  205.5187530517578 183.74374389648438 0.0  204.1687469482422 183.74374389648438 0.0
Q  1  210.1687469482422 182.09375 0.0  211.5187530517578 182.09375 0.0  211.5187530517578 183.74374389648438 0.0  210.1687469482422 183.74374389648438 0.0
Q  1  216.1687469482422 182.09375 0.0  217.5187530517578 182.09375 0.0  217.5187530517578 183.74374389648438 0.0  216.1687469482422 183.74374389648438 0.0
Q  1  222.1687469482422 182.09375 0.0  223.5187530517578 182.09375 0.0  223.5187530517578 183.74374389648438 0.0  222.1687469482422 183.74374389648438 0.0
Q  1  228.1687469482422 182.09375 0.0  229.5187530517578 182.09375 0.0  229.5187530517578 183.74374389648438 0.0  228.1687469482422 183.74374389648438 0.0
Q  1  234.1687469482422 182.09375 0.0  235.5187530517578 182.09375 0.0  235.5187530517578 183.74374389648438 0.0  234.1687469482422 183.74374389648438 0.0
Q  1  240.1687469482422 182.09375 0.0  241.5187530517578 182.09375 0.0  241.5187530517578 183.74374389648438 0.0  240.1687469482422 183.74374389648438 0.0
Q  1  246.1687469482422 182.09375 0.0  247.5187530517578 182.09375 0.0  247.5187530517578 183.74374389648438 0.0  246.1687469482422 183.74374389648438 0.0
Q  1  252.1687469482422 182.09375 0.0  253.5187530517578 182.09375 0.0  253.5187530517578 183.74374389648438 0.0  252.1687469482422 183.74374389648438 0.0
Q  1  258.16876220703125 182.09375 0.0  259.51873779296875 182.09375 0.0  259.51873779296875 183.74374389648438 0.0  258.16876220703125 183.74374389648438 0.0
Q  1  264.16876220703125 182.09375 0.0  265.51873779296875 182.09375 0.0  265.51873779296875 183.74374389648438 0.0  264.16876220703125 183.74374389648438 0.0
Q  1  270.16876220703125 182.09375 0.0  271.51873779296875 182.09375 0.0  271.51873779296875 183.74374389648438 0.0  270.16876220703125 183.74374389648438 0.0
Q  1  31.518749237060547 182.09375 0.0  33.16875076293945 182.09375 0.0  33.16875076293945 183.74374389648438 0.0  31.518749237060547 183.74374389648438 0.0
Q  1  31.518749237060547 43.09375 0.0  33.16875076293945 43.09375 0.0  33.16875076293945 182.09375 0.0  31.518749237060547 182.09375 0.0
Q  1  37.51874923706055 182.09375 0.0  39.16875076293945 182.09375 0.0  39.16875076293945 183.74374389648438 0.0  37.51874923706055 183.74374389648438 0.0
Q  1  37.51874923706055 43.09375 0.0  39.16875076293945 43.09375 0.0  39.16875076293945 182.09375 0.0  37.51874923706055 182.09375 0.0
Q  1  43.51874923706055 182.09375 0.0  45.16875076293945 182.09375 0.0  45.16875076293945 183.74374389648438 0.0  43.51874923706055 183.74374389648438 0.0
Q  1  43.51874923706055 43.09375 0.0  45.16875076293945 43.09375 0.0  45.16875076293945 182.09375 0.0  43.51874923706055 182.09375 0.0
Q  1  49.51874923706055 182.09375 0.0  51.16875076293945 182.09375 0.0  51.16875076293945 183.74374389648438 0.0  49.51874923706055 183.74374389648438 0.0
Q  1  49.51874923706055 43.09375 0.0  51.16875076293945 43.09375 0.0  51.16875076293945 182.09375 0.0  49.51874923706055 182.09375 0.0
Q  1  55.51874923706055 182.09375 0.0  57.16875076293945 182.09375 0.0  57.16875076293945 183.74374389648438 0.0  55.51874923706055 183.74374389648438 0.0
Q  1  55.51874923706055 43.09375 0.0  57.16875076293945 43.09375 0.0  57.16875076293945 182.09375 0.0  55.51874923706055 182.09375 0.0
Q  1  61.51874923706055 182.09375 0.0  63.16875076293945 182.09375 0.0  63.16875076293945 183.74374389648438 0.0  61.51874923706055 183.74374389648438 0.0
Q  1  61.51874923706055 43.09375 0.0  63.16875076293945 43.09375 0.0  63.16875076293945 182.09375 0.0  61.51874923706055 182.09375 0.0
Q  1  67.51875305175781 182.09375 0.0  69.16874694824219 182.09375 0.0  69.16874694824219 183.74374389648438 0.0  67.51875305175781 183.74374389648438 0.0
Q  1  67.51875305175781 43.09375 0.0  69.16874694824219 43.09375 0.0  69.16874694824219 182.09375 0.0  67.51875305175781 182.09375 0.0
Q  1  73.51875305175781 182.09375 0.0  75.16874694824219 182.09375 0.0  75.16874694824219 183.74374389648438 0.0  73.51875305175781 183.74374389648438 0.0
Q  1  73.51875305175781 43.09375 0.0  75.16874694824219 43.09375 0.0  75.16874694824219 182.09375 0.0  73.51875305175781 182.09375 0.0
Q  1  79.51875305175781 182.09375 0.0  81.16874694824219 182.09375 0.0  81.16874694824219 183.74374389648438 0.0  79.51875305175781 183.74374389648438 0.0
Q  1  79.51875305175781 43.09375 0.0  81.16874694824219 43.09375 0.0  81.16874694824219 182.09375 0.0  79.51875305175781 182.09375 0.0
Q  1  85.51875305175781 182.09375 0.0  87.16874694824219 182.09375 0.0  87.16874694824219 183.74374389648438 0.0  85.51875305175781 183.74374389648438 0.0
Q  1  85.51875305175781 43.09375 0.0  87.16874694824219 43.09375 0.0  87.16874694824219 182.09375 0.0  85.51875305175781 182.09375 0.0
Q  1  91.51875305175781 182.09375 0.0  93.16874694824219 182.09375 0.0  93.16874694824219 183.74374389648438 0.0  91.51875305175781 183.74374389648438 0.0
Q  1  91.51875305175781 43.09375 0.0  93.16874694824219 43.09375 0.0  93.16874694824219 182.09375 0.0  91.51875305175781 182.09375 0.0
Q  1  97.51875305175781 182.09375 0.0  99.16874694824219 182.09375 0.0  99.16874694824219 183.74374389648438 0.0  97.51875305175781 183.74374389648438 0.0
Q  1  97.51875305175781 43.09375 0.0  99.16874694824219 43.09375 0.0  99.16874694824219 182.09375 0.0  97.51875305175781 182.09375 0.0
Q  1  103.51875305175781 182.09375 0.0  105.16874694824219 182.09375 0.0  105.16874694824219 183.74374389648438 0.0  103.51875305175781 183.74374389648438 0.0
Q  1  103.51875305175781 43.09375 0.0  105.16874694824219 43.09375 0.0  105.16874694824219 182.09375 0.0  103.51875305175781 182.09375 0.0
Q  1  109.51875305175781 182.09375 0.0  111.16874694824219 182.09375 0.0  111.16874694824219 183.74374389648438 0.0  109.51875305175781 183.74374389648438 0.0
Q  1  109.51875305175781 43.09375 0.0  111.16874694824219 43.09375 0.0  111.16874694824219 182.09375 0.0  109.51875305175781 182.09375 0.0
Q  1  115.51875305175781 182.09375 0.0  117.16874694824219 182.09375 0.0  117.16874694824219 183.74374389648438 0.0  115.51875305175781 183.74374389648438 0.0
Q  1  115.51875305175781 43.09375 0.0  117.16874694824219 43.09375 0.0  117.16874694824219 182.09375 0.0  115.51875305175781 182.09375 0.0
Q  1  121.51875305175781 182.09375 0.0  123.16874694824219 182.09375 0.0  123.16874694824219 183.74374389648438 0.0  121.51875305175781 183.74374389648438 0.0
Q  1  121.51875305175781 43.09375 0.0  123.16874694824219 43.09375 0.0  123.16874694824219 182.09375 0.0  121.51875305175781 182.09375 0.0
Q  1  127.51875305175781 182.09375 0.0  129.1687469482422 182.09375 0.0  129.1687469482422 183.74374389648438 0.0  127.51875305175781 183.74374389648438 0.0
Q  1  127.51875305175781 43.09375 0.0  129.1687469482422 43.09375 0.0  129.1687469482422 182.09375 0.0  127.51875305175781 182.09375 0.0
Q  1  133.5187530517578 182.09375 0.0  135.1687469482422 182.09375 0.0  135.1687469482422 183.74374389648438 0.0  133.5187530517578 183.74374389648438 0.0
Q  1  133.5187530517578 43.09375 0.0  135.1687469482422 43.09375 0.0  135.1687469482422 182.09375 0.0  133.5187530517578 182.09375 0.0
Q  1  139.5187530517578 182.09375 0.0  141.1687469482422 182.09375 0.0  141.1687469482422 183.74374389648438 0.0  139.5187530517578 183.74374389648438 0.0
Q  1  139.5187530517578 43.09375 0.0  141.1687469482422 43.09375 0.0  141.1687469482422 182.09375 0.0  139.5187530517578 182.09375 0.0
Q  1  145.5187530517578 182.09375 0.0  147.1687469482422 182.09375 0.0  147.1687469482422 183.74374389648438 0.0  145.5187530517578 183.74374389648438 0.0
Q  1  145.5187530517578 43.09375 0.0  147.1687469482422 43.09375 0.0  147.1687469482422 182.09375 0.0  145.5187530517578 182.09375 0.0
Q  1  151.5187530517578 182.09375 0.0  153.1687469482422 182.09375 0.0  153.1687469482422 183.74374389648438 0.0  151.5187530517578 183.74374389648438 0.0
Q  1  151.5187530517578 43.09375 0.0  153.1687469482422 43.09375 0.0  153.1687469482422 182.09375 0.0  151.5187530517578 182.09375 0.0
Q  1  157.5187530517578 182.09375 0.0  159.1687469482422 182.09375 0.0  159.1687469482422 183.74374389648438 0.0  157.5187530517578 183.74374389648438 0.0
Q  1  157.5187530517578 43.09375 0.0  159.1687469482422 43.09375 0.0  159.1687469482422 182.09375 0.0  157.5187530517578 182.09375 0.0
Q  1  163.5187530517578 182.09375 0.0  165.1687469482422 182.09375 0.0  165.1687469482422 183.74374389648438 0.0  163.5187530517578 183.74374389648438 0.0
Q  1  163.5187530517578 43.09375 0.0  165.1687469482422 43.09375 0.0  165.1687469482422 182.09375 0.0  163.5187530517578 182.09375 0.0
Q  1  169.5187530517578 182.09375 0.0  171.1687469482422 182.09375 0.0  171.1687469482422 183.74374389648438 0.0  169.5187530517578 183.74374389648438 0.0
Q  1  169.5187530517578 43.09375 0.0  171.1687469482422 43.09375 0.0  171.1687469482422 182.09375 0.0  169.5187530517578 182.09375 0.0
Q  1  175.5187530517578 182.09375 0.0  177.1687469482422 182.09375 0.0  177.1687469482422 183.74374389648438 0.0  175.5187530517578 183.74374389648438 0.0
Q  1  175.5187530517578 43.09375 0.0  177.1687469482422 43.09375 0.0  177.1687469482422 182.09375 0.0  175.5187530517578 182.09375 0.0
Q  1  181.5187530517578 182.09375 0.0  183.1687469482422 182.09375 0.0  183.1687469482422 183.74374389648438 0.0  181.5187530517578 183.74374389648438 0.0
Q  1  181.5187530517578 43.09375 0.0  183.1687469482422 43.09375 0.0  183.1687469482422 182.09375 0.0  181.5187530517578 182.09375 0.0
Q  1  187.5187530517578 182.09375 0.0  189.1687469482422 182.09375 0.0  189.1687469482422 183.74374389648438 0.0  187.5187530517578 183.74374389648438 0.0
Q  1  187.5187530517578 43.09375 0.0  189.1687469482422 43.09375 0.0  189.1687469482422 182.09375 0.0  187.5187530517578 182.09375 0.0
Q  1  193.5187530517578 182.09375 0.0  195.1687469482422 182.09375 0.0  195.1687469482422 183.74374389648438 0.0  193.5187530517578 183.74374389648438 0.0
Q  1  193.5187530517578 43.09375 0.0  195.1687469482422 43.09375 0.0  195.1687469482422 182.09375 0.0  193.5187530517578 182.09375 0.0
Q  1  199.5187530517578 182.09375 0.0  201.1687469482422 182.09375 0.0  201.1687469482422 183.74374389648438 0.0  199.5187530517578 183.74374389648438 0.0
Q  1  199.5187530517578 43.09375 0.0  201.1687469482422 43.09375 0.0  201.1687469482422 182.09375 0.0  199.5187530517578 182.09375 0.0
Q  1  205.5187530517578 182.09375 0.0  207.1687469482422 182.09375 0.0  207.1687469482422 183.74374389648438 0.0  205.5187530517578 183.74374389648438 0.0
Q  1  205.5187530517578 43.09375 0.0  207.1687469482422 43.09375 0.0  207.1687469482422 182.09375 0.0  205.5187530517578 182.09375 0.0
Q  1  211.5187530517578 182.09375 0.0  213.1687469482422 182.09375 0.0  213.1687469482422 183.74374389648438 0.0  211.5187530517578 183.74374389648438 0.0
Q  1  211.5187530517578 43.09375 0.0  213.1687469482422 43.09375 0.0  213.1687469482422 182.09375 0.0  211.5187530517578 182.09375 0.0
Q  1  217.5187530517578 182.09375 0.0  219.1687469482422 182.09375 0.0  219.1687469482422 183.74374389648438 0.0  217.5187530517578 183.74374389648438 0.0
Q  1  217.5187530517578 43.09375 0.0  219.1687469482422 43.09375 0.0  219.1687469482422 182.09375 0.0  217.5187530517578 182.09375 0.0
Q  1  223.5187530517578 182.09375 0.0  225.1687469482422 182.09375 0.0  225.1687469482422 183.74374389648438 0.0  223.5187530517578 183.74374389648438 0.0
Q  1  223.5187530517578 43.09375 0.0  225.1687469482422 43.09375 0.0  225.1687469482422 182.09375 0.0  223.5187530517578 182.09375 0.0
Q  1  229.5187530517578 182.09375 0.0  231.1687469482422 182.09375 0.0  231.1687469482422 183.74374389648438 0.0  229.5187530517578 183.74374389648438 0.0
Q  1  229.5187530517578 43.09375 0.0  231.1687469482422 43.09375 0.0  231.1687469482422 182.09375 0.0  229.5187530517578 182.09375 0.0
Q  1  235.5187530517578 182.09375 0.0  237.1687469482422 182.09375 0.0  237.1687469482422 183.74374389648438 0.0  235.5187530517578 183.74374389648438 0.0
Q  1  235.5187530517578 43.09375 0.0  237.1687469482422 43.09375 0.0  237.1687469482422 182.09375 0.0  235.5187530517578 182.09375 0.0
Q  1  241.5187530517578 182.09375 0.0  243.1687469482422 182.09375 0.0  243.1687469482422 183.74374389648438 0.0  241.5187530517578 183.74374389648438 0.0
Q  1  241.5187530517578 43.09375 0.0  243.1687469482422 43.09375 0.0  243.1687469482422 182.09375 0.0  241.5187530517578 182.09375 0.0
Q  1  247.5187530517578 182.09375 0.0  249.1687469482422 182.09375 0.0  249.1687469482422 183.74374389648438 0.0  247.5187530517578 183.74374389648438 0.0
Q  1  247.5187530517578 43.09375 0.0  249.1687469482422 43.09375 0.0  249.1687469482422 182.09375 0.0  247.5187530517578 182.09375 0.0
Q  1  253.5187530517578 182.09375 0.0  255.1687469482422 182.09375 0.0  255.1687469482422 183.74374389648438 0.0  253.5187530517578 183.74374389648438 0.0
Q  1  253.5187530517578 43.09375 0.0  255.1687469482422 43.09375 0.0  255.1687469482422 182.09375 0.0  253.5187530517578 182.09375 0.0
Q  1  259.51873779296875 182.09375 0.0  261.16876220703125 182.09375 0.0  261.16876220703125 183.74374389648438 0.0  259.51873779296875 183.74374389648438 0.0
Q  1  259.51873779296875 43.09375 0.0  261.16876220703125 43.09375 0.0  261.16876220703125 182.09375 0.0  259.51873779296875 182.09375 0.0
Q  1  265.51873779296875 182.09375 0.0  267.16876220703125 182.09375 0.0  267.16876220703125 183.74374389648438 0.0  265.51873779296875 183.74374389648438 0.0
Q  1  265.51873779296875 43.09375 0.0  267.16876220703125 43.09375 0.0  267.16876220703125 182.09375 0.0  265.51873779296875 182.09375 0.0
Q  1  33.16875076293945 43.09375 0.0  34.51874923706055 43.09375 0.0  34.51874923706055 44.743751525878906 0.0  33.16875076293945 44.743751525878906 0.0
Q  1  39.16875076293945 43.09375 0.0  40.51874923706055 43.09375 0.0  40.51874923706055 44.743751525878906 0.0  39.16875076293945 44.743751525878906 0.0
Q  1  45.16875076293945 43.09375 0.0  46.51874923706055 43.09375 0.0  46.51874923706055 44.743751525878906 0.0  45.16875076293945 44.743751525878906 0.0
Q  1  51.16875076293945 43.09375 0.0  52.51874923706055 43.09375 0.0  52.51874923706055 44.743751525878906 0.0  51.16875076293945 44.743751525878906 0.0
Q  1  57.16875076293945 43.09375 0.0  58.51874923706055 43.09375 0.0  58.51874923706055 44.743751525878906 0.0  57.16875076293945 44.743751525878906 0.0
Q  1  63.16875076293945 43.09375 0.0  64.51875305175781 43.09375 0.0  64.51875305175781 44.743751525878906 0.0  63.16875076293945 44.743751525878906 0.0
Q  1  69.16874694824219 43.09375 0.0  70.51875305175781 43.09375 0.0  70.51875305175781 44.743751525878906 0.0  69.16874694824219 44.743751525878906 0.0
Q  1  75.16874694824219 43.09375 0.0  76.51875305175781 43.09375 0.0  76.51875305175781 44.743751525878906 0.0  75.16874694824219 44.743751525878906 0.0
Q  1  81.16874694824219 43.09375 0.0  82.51875305175781 43.09375 0.0  82.51875305175781 44.743751525878906 0.0  81.16874694824219 44.743751525878906 0.0
Q  1  87.16874694824219 43.09375 0.0  88.51875305175781 43.09375 0.0  88.51875305175781 44.743751525878906 0.0  87.16874694824219 44.743751525878906 0.0
Q  1  93.16874694824219 43.09375 0.0  94.51875305175781 43.09375 0.0  94.51875305175781 44.743751525878906 0.0  93.16874694824219 44.743751525878906 0.0
Q  1  99.16874694824219 43.09375 0.0  100.51875305175781 43.09375 0.0  100.51875305175781 44.743751525878906 0.0  99.16874694824219 44.743751525878906 0.0
Q  1  105.16874694824219 43.09375 0.0  106.51875305175781 43.09375 0.0  106.51875305175781 44.743751525878906 0.0  105.16874694824219 44.743751525878906 0.0
Q  1  111.16874694824219 43.09375 0.0  112.51875305175781 43.09375 0.0  112.51875305175781 44.743751525878906 0.0  111.16874694824219 44.743751525878906 0.0
Q  1  117.16874694824219 43.09375 0.0  118.51875305175781 43.09375 0.0  118.51875305175781 44.743751525878906 0.0  117.16874694824219 44.743751525878906 0.0
Q  1  123.16874694824219 43.09375 0.0  124.51875305175781 43.09375 0.0  124.51875305175781 44.743751525878906 0.0  123.16874694824219 44.743751525878906 0.0
Q  1  129.1687469482422 43.09375 0.0  130.5187530517578 43.09375 0.0  130.5187530517578 44.743751525878906 0.0  129.1687469482422 44.743751525878906 0.0
Q  1  135.1687469482422 43.09375 0.0  136.5187530517578 43.09375 0.0  136.5187530517578 44.743751525878906 0.0  135.1687469482422 44.743751525878906 0.0
Q  1  141.1687469482422 43.09375 0.0  142.5187530517578 43.09375 0.0  142.5187530517578 44.743751525878906 0.0  141.1687469482422 44.743751525878906 0.0
Q  1  147.1687469482422 43.09375 0.0  148.5187530517578 43.09375 0.0  148.5187530517578 44.743751525878906 0.0  147.1687469482422 44.743751525878906 0.0
Q  1  153.1687469482422 43.09375 0.0  154.5187530517578 43.09375 0.0  154.5187530517578 44.743751525878906 0.0  153.1687469482422 44.743751525878906 0.0
Q  1  159.1687469482422 43.09375 0.0  160.5187530517578 43.09375 0.0  160.5187530517578 44.743751525878906 0.0  159.1687469482422 44.743751525878906 0.0
Q  1  165.1687469482422 43.09375 0.0  166.5187530517578 43.09375 0.0  166.5187530517578 44.743751525878906 0.0  165.1687469482422 44.743751525878906 0.0
Q  1  171.1687469482422 43.09375 0.0  172.5187530517578 43.09375 0.0  172.5187530517578 44.743751525878906 0.0  171.1687469482422 44.743751525878906 0.0
Q  1  177.1687469482422 43.09375 0.0  178.5187530517578 43.09375 0.0  178.5187530517578 44.743751525878906 0.0  177.1687469482422 44.743751525878906 0.0
Q  1  183.1687469482422 43.09375 0.0  184.5187530517578 43.09375 0.0  184.5187530517578 44.743751525878906 0.0  183.1687469482422 44.743751525878906 0.0
Q  1  189.1687469482422 43.09375 0.0  190.5187530517578 43.09375 0.0  190.5187530517578 44.743751525878906 0.0  189.1687469482422 44.743751525878906 0.0
Q  1  195.1687469482422 43.09375 0.0  196.5187530517578 43.09375 0.0  196.5187530517578 44.743751525878906 0.0  195.1687469482422 44.743751525878906 0.0
Q  1  201.1687469482422 43.09375 0.0  202.5187530517578 43.09375 0.0  202.5187530517578 44.743751525878906 0.0  201.1687469482422 44.743751525878906 0.0
Q  1  207.1687469482422 43.09375 0.0  208.5187530517578 43.09375 0.0  208.5187530517578 44.743751525878906 0.0  207.1687469482422 44.743751525878906 0.0
Q  1  213.1687469482422 43.09375 0.0  214.5187530517578 43.09375 0.0  214.5187530517578 44.743751525878906 0.0  213.1687469482422 44.743751525878906 0.0
Q  1  219.1687469482422 43.09375 0.0  220.5187530517578 43.09375 0.0  220.5187530517578 44.743751525878906 0.0  219.1687469482422 44.743751525878906 0.0
Q  1  225.1687469482422 43.09375 0.0  226.5187530517578 43.09375 0.0  226.5187530517578 44.743751525878906 0.0  225.1687469482422 44.743751525878906 0.0
Q  1  231.1687469482422 43.09375 0.0  232.5187530517578 43.09375 0.0  232.5187530517578 44.743751525878906 0.0  231.1687469482422 44.743751525878906 0.0
Q  1  237.1687469482422 43.09375 0.0  238.5187530517578 43.09375 0.0  238.5187530517578 44.743751525878906 0.0  237.1687469482422 44.743751525878906 0.0
Q  1  243.1687469482422 43.09375 0.0  244.5187530517578 43.09375 0.0  244.5187530517578 44.743751525878906 0.0  243.1687469482422 44.743751525878906 0.0
Q  1  249.1687469482422 43.09375 0.0  250.5187530517578 43.09375 0.0  250.5187530517578 44.743751525878906 0.0  249.1687469482422 44.743751525878906 0.0
Q  1  255.1687469482422 43.09375 0.0  256.51873779296875 43.09375 0.0  256.51873779296875 44.743751525878906 0.0  255.1687469482422 44.743751525878906 0.0
Q  1  261.16876220703125 43.09375 0.0  262.51873779296875 43.09375 0.0  262.51873779296875 44.743751525878906 0.0  261.16876220703125 44.743751525878906 0.0
Q  1  267.16876220703125 43.09375 0.0  268.51873779296875 43.09375 0.0  268.51873779296875 44.743751525878906 0.0  267.16876220703125 44.743751525878906 0.0
Q  1  34.51874923706055 182.09375 0.0  36.16875076293945 182.09375 0.0  36.16875076293945 183.74374389648438 0.0  34.51874923706055 183.74374389648438 0.0
Q  1  34.51874923706055 43.09375 0.0  36.16875076293945 43.09375 0.0  36.16875076293945 182.09375 0.0  34.51874923706055 182.09375 0.0
Q  1  40.51874923706055 182.09375 0.0  42.16875076293945 182.09375 0.0  42.16875076293945 183.74374389648438 0.0  40.51874923706055 183.74374389648438 0.0
Q  1  40.51874923706055 43.09375 0.0  42.16875076293945 43.09375 0.0  42.16875076293945 182.09375 0.0  40.51874923706055 182.09375 0.0
Q  1  46.51874923706055 182.09375 0.0  48.16875076293945 182.09375 0.0  48.16875076293945 183.74374389648438 0.0  46.51874923706055 183.74374389648438 0.0
Q  1  46.51874923706055 43.09375 0.0  48.16875076293945 43.09375 0.0  48.16875076293945 182.09375 0.0  46.51874923706055 182.09375 0.0
Q  1  52.51874923706055 182.09375 0.0  54.16875076293945 182.09375 0.0  54.16875076293945 183.74374389648438 0.0  52.51874923706055 183.74374389648438 0.0
Q  1  52.51874923706055 43.09375 0.0  54.16875076293945 43.09375 0.0  54.16875076293945 182.09375 0.0  52.51874923706055 182.09375 0.0
Q  1  58.51874923706055 182.09375 0.0  60.16875076293945 182.09375 0.0  60.16875076293945 183.74374389648438 0.0  58.51874923706055 183.74374389648438 0.0
Q  1  58.51874923706055 43.09375 0.0  60.16875076293945 43.09375 0.0  60.16875076293945 182.09375 0.0  58.51874923706055 182.09375 0.0
Q  1  64.51875305175781 182.09375 0.0  66.16874694824219 182.09375 0.0  66.16874694824219 183.74374389648438 0.0  64.51875305175781 183.74374389648438 0.0
Q  1  64.51875305175781 43.09375 0.0  66.16874694824219 43.09375 0.0  66.16874694824219 182.09375 0.0  64.51875305175781 182.09375 0.0
Q  1  70.51875305175781 182.09375 0.0  72.16874694824219 182.09375 0.0  72.16874694824219 183.74374389648438 0.0  70.51875305175781 183.74374389648438 0.0
Q  1  70.51875305175781 43.09375 0.0  72.16874694824219 43.09375 0.0  72.16874694824219 182.09375 0.0  70.51875305175781 182.09375 0.0
Q  1  76.51875305175781 182.09375 0.0  78.16874694824219 182.09375 0.0  78.16874694824219 183.74374389648438 0.0  76.51875305175781 183.74374389648438 0.0
Q  1  76.51875305175781 43.09375 0.0  78.16874694824219 43.09375 0.0  78.16874694824219 182.09375 0.0  76.51875305175781 182.09375 0.0
Q  1  82.51875305175781 182.09375 0.0  84.16874694824219 182.09375 0.0  84.16874694824219 183.74374389648438 0.0  82.51875305175781 183.74374389648438 0.0
Q  1  82.51875305175781 43.09375 0.0  84.16874694824219 43.09375 0.0  84.16874694824219 182.09375 0.0  82.51875305175781 182.09375 0.0
Q  1  88.51875305175781 182.09375 0.0  90.16874694824219 182.09375 0.0  90.16874694824219 183.74374389648438 0.0  88.51875305175781 183.74374389648438 0.0
Q  1  88.51875305175781 43.09375 0.0  90.16874694824219 43.09375 0.0  90.16874694824219 182.09375 0.0  88.51875305175781 182.09375 0.0
Q  1  94.51875305175781 182.09375 0.0  96.16874694824219 182.09375 0.0  96.16874694824219 183.74374389648438 0.0  94.51875305175781 183.74374389648438 0.0
Q  1  94.51875305175781 43.09375 0.0  96.16874694824219 43.09375 0.0  96.16874694824219 182.09375 0.0  94.51875305175781 182.09375 0.0
Q  1  100.51875305175781 182.09375 0.0  102.16874694824219 182.09375 0.0  102.16874694824219 183.74374389648438 0.0  100.51875305175781 183.74374389648438 0.0
Q  1  100.51875305175781 43.09375 0.0  102.16874694824219 43.09375 0.0  102.16874694824219 182.09375 0.0  100.51875305175781 182.09375 0.0
Q  1  106.51875305175781 182.09375 0.0  108.16874694824219 182.09375 0.0  108.16874694824219 183.74374389648438 0.0  106.51875305175781 183.74374389648438 0.0
Q  1  106.51875305175781 43.09375 0.0  108.16874694824219 43.09375 0.0  108.16874694824219 182.09375 0.0  106.51875305175781 182.09375 0.0
Q  1  112.51875305175781 182.09375 0.0  114.16874694824219 182.09375 0.0  114.16874694824219 183.74374389648438 0.0  112.51875305175781 183.74374389648438 0.0
Q  1  112.51875305175781 43.09375 0.0  114.16874694824219 43.09375 0.0  114.16874694824219 182.09375 0.0  112.51875305175781 182.09375 0.0
Q  1  118.51875305175781 182.09375 0.0  120.16874694824219 182.09375 0.0  120.16874694824219 183.74374389648438 0.0  118.51875305175781 183.74374389648438 0.0
Q  1  118.51875305175781 43.09375 0.0  120.16874694824219 43.09375 0.0  120.16874694824219 182.09375 0.0  118.51875305175781 182.09375 0.0
Q  1  124.51875305175781 182.09375 0.0  126.16874694824219 182.09375 0.0  126.16874694824219 183.74374389648438 0.0  124.51875305175781 183.74374389648438 0.0
Q  1  124.51875305175781 43.09375 0.0  126.16874694824219 43.09375 0.0  126.16874694824219 182.09375 0.0  124.51875305175781 182.09375 0.0
Q  1  130.5187530517578 182.09375 0.0  132.1687469482422 182.09375 0.0  132.1687469482422 183.74374389648438 0.0  130.5187530517578 183.74374389648438 0.0
Q  1  130.5187530517578 43.09375 0.0  132.1687469482422 43.09375 0.0  132.1687469482422 182.09375 0.0  130.5187530517578 182.09375 0.0
Q  1  136.5187530517578 182.09375 0.0  138.1687469482422 182.09375 0.0  138.1687469482422 183.74374389648438 0.0  136.5187530517578 183.74374389648438 0.0
Q  1  136.5187530517578 43.09375 0.0  138.1687469482422 43.09375 0.0  138.1687469482422 182.09375 0.0  136.5187530517578 182.09375 0.0
Q  1  142.5187530517578 182.09375 0.0  144.1687469482422 182.09375 0.0  144.1687469482422 183.74374389648438 0.0  142.5187530517578 183.74374389648438 0.0
Q  1  142.5187530517578 43.09375 0.0  144.1687469482422 43.09375 0.0  144.1687469482422 182.09375 0.0  142.5187530517578 182.09375 0.0
Q  1  148.5187530517578 182.09375 0.0  150.1687469482422 182.09375 0.0  150.1687469482422 183.74374389648438 0.0  148.5187530517578 183.74374389648438 0.0
Q  1  148.5187530517578 43.09375 0.0  150.1687469482422 43.09375 0.0  150.1687469482422 182.09375 0.0  148.5187530517578 182.09375 0.0
Q  1  154.5187530517578 182.09375 0.0  156.1687469482422 182.09375 0.0  156.1687469482422 183.74374389648438 0.0  154.5187530517578 183.74374389648438 0.0
Q  1  154.5187530517578 43.09375 0.0  156.1687469482422 43.09375 0.0  156.1687469482422 182.09375 0.0  154.5187530517578 182.09375 0.0
Q  1  160.5187530517578 182.09375 0.0  162.1687469482422 182.09375 0.0  162.1687469482422 183.74374389648438 0.0  160.5187530517578 183.74374389648438 0.0
Q  1  160.5187530517578 43.09375 0.0  162.1687469482422 43.09375 0.0  162.1687469482422 182.09375 0.0  160.5187530517578 182.09375 0.0
Q  1  166.5187530517578 182.09375 0.0  168.1687469482422 182.09375 0.0  168.1687469482422 183.74374389648438 0.0  166.5187530517578 183.74374389648438 0.0
Q  1  166.5187530517578 43.09375 0.0  168.1687469482422 43.09375 0.0  168.1687469482422 182.09375 0.0  166.5187530517578 182.09375 0.0
Q  1  172.5187530517578 182.09375 0.0  174.1687469482422 182.09375 0.0  174.1687469482422 183.74374389648438 0.0  172.5187530517578 183.74374389648438 0.0
Q  1  172.5187530517578 43.09375 0.0  174.1687469482422 43.09375 0.0  174.1687469482422 182.09375 0.0  172.5187530517578 182.09375 0.0
Q  1  178.5187530517578 182.09375 0.0  180.1687469482422 182.09375 0.0  180.1687469482422 183.74374389648438 0.0  178.5187530517578 183.74374389648438 0.0
Q  1  178.5187530517578 43.09375 0.0  180.1687469482422 43.09375 0.0  180.1687469482422 182.09375 0.0  178.5187530517578 182.09375 0.0
Q  1  184.5187530517578 182.09375 0.0  186.1687469482422 182.09375 0.0  186.1687469482422 183.74374389648438 0.0  184.5187530517578 183.74374389648438 0.0
Q  1  184.5187530517578 43.09375 0.0  186.1687469482422 43.09375 0.0  186.1687469482422 182.09375 0.0  184.5187530517578 182.09375 0.0
Q  1  190.5187530517578 182.09375 0.0  192.1687469482422 182.09375 0.0  192.1687469482422 183.74374389648438 0.0  190.5187530517578 183.74374389648438 0.0
Q  1  190.5187530517578 43.09375 0.0  192.1687469482422 43.09375 0.0  192.1687469482422 182.09375 0.0  190.5187530517578 182.09375 0.0
Q  1  196.5187530517578 182.09375 0.0  198.1687469482422 182.09375 0.0  198.1687469482422 183.74374389648438 0.0  196.5187530517578 183.74374389648438 0.0
Q  1  196.5187530517578 43.09375 0.0  198.1687469482422 43.09375 0.0  198.1687469482422 182.09375 0.0  196.5187530517578 182.09375 0.0
Q  1  202.5187530517578 182.09375 0.0  204.1687469482422 182.09375 0.0  204.1687469482422 183.74374389648438 0.0  202.5187530517578 183.74374389648438 0.0
Q  1  202.5187530517578 43.09375 0.0  204.1687469482422 43.09375 0.0  204.1687469482422 182.09375 0.0  202.5187530517578 182.09375 0.0
Q  1  208.5187530517578 182.09375 0.0  210.1687469482422 182.09375 0.0  210.1687469482422 183.74374389648438 0.0  208.5187530517578 183.74374389648438 0.0
Q  1  208.5187530517578 43.09375 0.0  210.1687469482422 43.09375 0.0  210.1687469482422 182.09375 0.0  208.5187530517578 182.09375 0.0
Q  1  214.5187530517578 182.09375 0.0  216.1687469482422 182.09375 0.0  216.1687469482422 183.74374389648438 0.0  214.5187530517578 183.74374389648438 0.0
Q  1  214.5187530517578 43.09375 0.0  216.1687469482422 43.09375 0.0  216.1687469482422 182.09375 0.0  214.5187530517578 182.09375 0.0
Q  1  220.5187530517578 182.09375 0.0  222.1687469482422 182.09375 0.0  222.1687469482422 183.74374389648438 0.0  220.5187530517578 183.74374389648438 0.0
Q  1  220.5187530517578 43.09375 0.0  222.1687469482422 43.09375 0.0  222.1687469482422 182.09375 0.0  220.5187530517578 182.09375 0.0
Q  1  226.5187530517578 182.09375 0.0  228.1687469482422 182.09375 0.0  228.1687469482422 183.74374389648438 0.0  226.5187530517578 183.74374389648438 0.0
Q  1  226.5187530517578 43.09375 0.0  228.1687469482422 43.09375 0.0  228.1687469482422 182.09375 0.0  226.5187530517578 182.09375 0.0
Q  1  232.5187530517578 182.09375 0.0  234.1687469482422 182.09375 0.0  234.1687469482422 183.74374389648438 0.0  232.5187530517578 183.74374389648438 0.0
Q  1  232.5187530517578 43.09375 0.0  234.1687469482422 43.09375 0.0  234.1687469482422 182.09375 0.0  232.5187530517578 182.09375 0.0
Q  1  238.5187530517578 182.09375 0.0  240.1687469482422 182.09375 0.0  240.1687469482422 183.74374389648438 0.0  238.5187530517578 183.74374389648438 0.0
Q  1  238.5187530517578 43.09375 0.0  240.1687469482422 43.09375 0.0  240.1687469482422 182.09375 0.0  238.5187530517578 182.09375 0.0
Q  1  244.5187530517578 182.09375 0.0  246.1687469482422 182.09375 0.0  246.1687469482422 183.74374389648438 0.0  244.5187530517578 183.74374389648438 0.0
Q  1  244.5187530517578 43.09375 0.0  246.1687469482422 43.09375 0.0  246.1687469482422 182.09375 0.0  244.5187530517578 182.09375 0.0
Q  1  250.5187530517578 182.09375 0.0  252.1687469482422 182.09375 0.0  252.1687469482422 183.74374389648438 0.0  250.5187530517578 183.74374389648438 0.0
Q  1  250.5187530517578 43.09375 0.0  252.1687469482422 43.09375 0.0  252.1687469482422 182.09375 0.0  250.5187530517578 182.09375 0.0
Q  1  256.51873779296875 182.09375 0.0  258.16876220703125 182.09375 0.0  258.16876220703125 183.74374389648438 0.0  256.51873779296875 183.74374389648438 0.0
Q  1  256.51873779296875 43.09375 0.0  258.16876220703125 43.09375 0.0  258.16876220703125 182.09375 0.0  256.51873779296875 182.09375 0.0
Q  1  262.51873779296875 182.09375 0.0  264.16876220703125 182.09375 0.0  264.16876220703125 183.74374389648438 0.0  262.51873779296875 183.74374389648438 0.0
Q  1  262.51873779296875 43.09375 0.0  264.16876220703125 43.09375 0.0  264.16876220703125 182.09375 0.0  262.51873779296875 182.09375 0.0
Q  1  268.51873779296875 182.09375 0.0  270.16876220703125 182.09375 0.0  270.16876220703125 183.74374389648438 0.0  268.51873779296875 183.74374389648438 0.0
Q  1  268.51873779296875 43.09375 0.0  270.16876220703125 43.09375 0.0  270.16876220703125 182.09375 0.0  268.51873779296875 182.09375 0.0
N  1  Dielectric