0  Dummy_Only_top_diel
Q  1  30.168750762939453 43.09375 0.0  30.168750762939453 182.09375 0.0  31.518749237060547 182.09375 0.0  31.518749237060547 43.09375 0.0
Q  1  36.16875076293945 43.09375 0.0  36.16875076293945 182.09375 0.0  37.51874923706055 182.09375 0.0  37.51874923706055 43.09375 0.0
Q  1  42.16875076293945 43.09375 0.0  42.16875076293945 182.09375 0.0  43.51874923706055 182.09375 0.0  43.51874923706055 43.09375 0.0
Q  1  48.16875076293945 43.09375 0.0  48.16875076293945 182.09375 0.0  49.51874923706055 182.09375 0.0  49.51874923706055 43.09375 0.0
Q  1  54.16875076293945 43.09375 0.0  54.16875076293945 182.09375 0.0  55.51874923706055 182.09375 0.0  55.51874923706055 43.09375 0.0
Q  1  60.16875076293945 43.09375 0.0  60.16875076293945 182.09375 0.0  61.51874923706055 182.09375 0.0  61.51874923706055 43.09375 0.0
Q  1  66.16874694824219 43.09375 0.0  66.16874694824219 182.09375 0.0  67.51875305175781 182.09375 0.0  67.51875305175781 43.09375 0.0
Q  1  72.16874694824219 43.09375 0.0  72.16874694824219 182.09375 0.0  73.51875305175781 182.09375 0.0  73.51875305175781 43.09375 0.0
Q  1  78.16874694824219 43.09375 0.0  78.16874694824219 182.09375 0.0  79.51875305175781 182.09375 0.0  79.51875305175781 43.09375 0.0
Q  1  84.16874694824219 43.09375 0.0  84.16874694824219 182.09375 0.0  85.51875305175781 182.09375 0.0  85.51875305175781 43.09375 0.0
Q  1  90.16874694824219 43.09375 0.0  90.16874694824219 182.09375 0.0  91.51875305175781 182.09375 0.0  91.51875305175781 43.09375 0.0
Q  1  96.16874694824219 43.09375 0.0  96.16874694824219 182.09375 0.0  97.51875305175781 182.09375 0.0  97.51875305175781 43.09375 0.0
Q  1  102.16874694824219 43.09375 0.0  102.16874694824219 182.09375 0.0  103.51875305175781 182.09375 0.0  103.51875305175781 43.09375 0.0
Q  1  108.16874694824219 43.09375 0.0  108.16874694824219 182.09375 0.0  109.51875305175781 182.09375 0.0  109.51875305175781 43.09375 0.0
Q  1  114.16874694824219 43.09375 0.0  114.16874694824219 182.09375 0.0  115.51875305175781 182.09375 0.0  115.51875305175781 43.09375 0.0
Q  1  120.16874694824219 43.09375 0.0  120.16874694824219 182.09375 0.0  121.51875305175781 182.09375 0.0  121.51875305175781 43.09375 0.0
Q  1  126.16874694824219 43.09375 0.0  126.16874694824219 182.09375 0.0  127.51875305175781 182.09375 0.0  127.51875305175781 43.09375 0.0
Q  1  132.1687469482422 43.09375 0.0  132.1687469482422 182.09375 0.0  133.5187530517578 182.09375 0.0  133.5187530517578 43.09375 0.0
Q  1  138.1687469482422 43.09375 0.0  138.1687469482422 182.09375 0.0  139.5187530517578 182.09375 0.0  139.5187530517578 43.09375 0.0
Q  1  144.1687469482422 43.09375 0.0  144.1687469482422 182.09375 0.0  145.5187530517578 182.09375 0.0  145.5187530517578 43.09375 0.0
Q  1  150.1687469482422 43.09375 0.0  150.1687469482422 182.09375 0.0  151.5187530517578 182.09375 0.0  151.5187530517578 43.09375 0.0
Q  1  156.1687469482422 43.09375 0.0  156.1687469482422 182.09375 0.0  157.5187530517578 182.09375 0.0  157.5187530517578 43.09375 0.0
Q  1  162.1687469482422 43.09375 0.0  162.1687469482422 182.09375 0.0  163.5187530517578 182.09375 0.0  163.5187530517578 43.09375 0.0
Q  1  168.1687469482422 43.09375 0.0  168.1687469482422 182.09375 0.0  169.5187530517578 182.09375 0.0  169.5187530517578 43.09375 0.0
Q  1  174.1687469482422 43.09375 0.0  174.1687469482422 182.09375 0.0  175.5187530517578 182.09375 0.0  175.5187530517578 43.09375 0.0
Q  1  180.1687469482422 43.09375 0.0  180.1687469482422 182.09375 0.0  181.5187530517578 182.09375 0.0  181.5187530517578 43.09375 0.0
Q  1  186.1687469482422 43.09375 0.0  186.1687469482422 182.09375 0.0  187.5187530517578 182.09375 0.0  187.5187530517578 43.09375 0.0
Q  1  192.1687469482422 43.09375 0.0  192.1687469482422 182.09375 0.0  193.5187530517578 182.09375 0.0  193.5187530517578 43.09375 0.0
Q  1  198.1687469482422 43.09375 0.0  198.1687469482422 182.09375 0.0  199.5187530517578 182.09375 0.0  199.5187530517578 43.09375 0.0
Q  1  204.1687469482422 43.09375 0.0  204.1687469482422 182.09375 0.0  205.5187530517578 182.09375 0.0  205.5187530517578 43.09375 0.0
Q  1  210.1687469482422 43.09375 0.0  210.1687469482422 182.09375 0.0  211.5187530517578 182.09375 0.0  211.5187530517578 43.09375 0.0
Q  1  216.1687469482422 43.09375 0.0  216.1687469482422 182.09375 0.0  217.5187530517578 182.09375 0.0  217.5187530517578 43.09375 0.0
Q  1  222.1687469482422 43.09375 0.0  222.1687469482422 182.09375 0.0  223.5187530517578 182.09375 0.0  223.5187530517578 43.09375 0.0
Q  1  228.1687469482422 43.09375 0.0  228.1687469482422 182.09375 0.0  229.5187530517578 182.09375 0.0  229.5187530517578 43.09375 0.0
Q  1  234.1687469482422 43.09375 0.0  234.1687469482422 182.09375 0.0  235.5187530517578 182.09375 0.0  235.5187530517578 43.09375 0.0
Q  1  240.1687469482422 43.09375 0.0  240.1687469482422 182.09375 0.0  241.5187530517578 182.09375 0.0  241.5187530517578 43.09375 0.0
Q  1  246.1687469482422 43.09375 0.0  246.1687469482422 182.09375 0.0  247.5187530517578 182.09375 0.0  247.5187530517578 43.09375 0.0
Q  1  252.1687469482422 43.09375 0.0  252.1687469482422 182.09375 0.0  253.5187530517578 182.09375 0.0  253.5187530517578 43.09375 0.0
Q  1  258.16876220703125 43.09375 0.0  258.16876220703125 182.09375 0.0  259.51873779296875 182.09375 0.0  259.51873779296875 43.09375 0.0
Q  1  264.16876220703125 43.09375 0.0  264.16876220703125 182.09375 0.0  265.51873779296875 182.09375 0.0  265.51873779296875 43.09375 0.0
Q  1  270.16876220703125 43.09375 0.0  270.16876220703125 182.09375 0.0  271.51873779296875 182.09375 0.0  271.51873779296875 43.09375 0.0
Q  1  30.168750762939453 22.68375015258789 0.0  30.168750762939453 43.09375 0.0  271.51873779296875 43.09375 0.0  271.51873779296875 22.68375015258789 0.0
N  1  Lower