0  Dummy_Only_top_diel
Q  1  33.16875076293945 44.743751525878906 0.0  33.16875076293945 44.743751525878906 0.10999999940395355  33.16875076293945 183.74374389648438 0.10999999940395355  33.16875076293945 183.74374389648438 0.0
Q  1  34.51874923706055 44.743751525878906 0.0  34.51874923706055 183.74374389648438 0.0  34.51874923706055 183.74374389648438 0.10999999940395355  34.51874923706055 44.743751525878906 0.10999999940395355
Q  1  33.16875076293945 44.743751525878906 0.0  34.51874923706055 44.743751525878906 0.0  34.51874923706055 44.743751525878906 0.10999999940395355  33.16875076293945 44.743751525878906 0.10999999940395355
Q  1  33.16875076293945 183.74374389648438 0.0  33.16875076293945 183.74374389648438 0.10999999940395355  34.51874923706055 183.74374389648438 0.10999999940395355  34.51874923706055 183.74374389648438 0.0
Q  1  33.16875076293945 44.743751525878906 0.10999999940395355  34.51874923706055 44.743751525878906 0.10999999940395355  34.51874923706055 183.74374389648438 0.10999999940395355  33.16875076293945 183.74374389648438 0.10999999940395355
Q  1  39.16875076293945 44.743751525878906 0.0  39.16875076293945 44.743751525878906 0.10999999940395355  39.16875076293945 183.74374389648438 0.10999999940395355  39.16875076293945 183.74374389648438 0.0
Q  1  40.51874923706055 44.743751525878906 0.0  40.51874923706055 183.74374389648438 0.0  40.51874923706055 183.74374389648438 0.10999999940395355  40.51874923706055 44.743751525878906 0.10999999940395355
Q  1  39.16875076293945 44.743751525878906 0.0  40.51874923706055 44.743751525878906 0.0  40.51874923706055 44.743751525878906 0.10999999940395355  39.16875076293945 44.743751525878906 0.10999999940395355
Q  1  39.16875076293945 183.74374389648438 0.0  39.16875076293945 183.74374389648438 0.10999999940395355  40.51874923706055 183.74374389648438 0.10999999940395355  40.51874923706055 183.74374389648438 0.0
Q  1  39.16875076293945 44.743751525878906 0.10999999940395355  40.51874923706055 44.743751525878906 0.10999999940395355  40.51874923706055 183.74374389648438 0.10999999940395355  39.16875076293945 183.74374389648438 0.10999999940395355
Q  1  45.16875076293945 44.743751525878906 0.0  45.16875076293945 44.743751525878906 0.10999999940395355  45.16875076293945 183.74374389648438 0.10999999940395355  45.16875076293945 183.74374389648438 0.0
Q  1  46.51874923706055 44.743751525878906 0.0  46.51874923706055 183.74374389648438 0.0  46.51874923706055 183.74374389648438 0.10999999940395355  46.51874923706055 44.743751525878906 0.10999999940395355
Q  1  45.16875076293945 44.743751525878906 0.0  46.51874923706055 44.743751525878906 0.0  46.51874923706055 44.743751525878906 0.10999999940395355  45.16875076293945 44.743751525878906 0.10999999940395355
Q  1  45.16875076293945 183.74374389648438 0.0  45.16875076293945 183.74374389648438 0.10999999940395355  46.51874923706055 183.74374389648438 0.10999999940395355  46.51874923706055 183.74374389648438 0.0
Q  1  45.16875076293945 44.743751525878906 0.10999999940395355  46.51874923706055 44.743751525878906 0.10999999940395355  46.51874923706055 183.74374389648438 0.10999999940395355  45.16875076293945 183.74374389648438 0.10999999940395355
Q  1  51.16875076293945 44.743751525878906 0.0  51.16875076293945 44.743751525878906 0.10999999940395355  51.16875076293945 183.74374389648438 0.10999999940395355  51.16875076293945 183.74374389648438 0.0
Q  1  52.51874923706055 44.743751525878906 0.0  52.51874923706055 183.74374389648438 0.0  52.51874923706055 183.74374389648438 0.10999999940395355  52.51874923706055 44.743751525878906 0.10999999940395355
Q  1  51.16875076293945 44.743751525878906 0.0  52.51874923706055 44.743751525878906 0.0  52.51874923706055 44.743751525878906 0.10999999940395355  51.16875076293945 44.743751525878906 0.10999999940395355
Q  1  51.16875076293945 183.74374389648438 0.0  51.16875076293945 183.74374389648438 0.10999999940395355  52.51874923706055 183.74374389648438 0.10999999940395355  52.51874923706055 183.74374389648438 0.0
Q  1  51.16875076293945 44.743751525878906 0.10999999940395355  52.51874923706055 44.743751525878906 0.10999999940395355  52.51874923706055 183.74374389648438 0.10999999940395355  51.16875076293945 183.74374389648438 0.10999999940395355
Q  1  57.16875076293945 44.743751525878906 0.0  57.16875076293945 44.743751525878906 0.10999999940395355  57.16875076293945 183.74374389648438 0.10999999940395355  57.16875076293945 183.74374389648438 0.0
Q  1  58.51874923706055 44.743751525878906 0.0  58.51874923706055 183.74374389648438 0.0  58.51874923706055 183.74374389648438 0.10999999940395355  58.51874923706055 44.743751525878906 0.10999999940395355
Q  1  57.16875076293945 44.743751525878906 0.0  58.51874923706055 44.743751525878906 0.0  58.51874923706055 44.743751525878906 0.10999999940395355  57.16875076293945 44.743751525878906 0.10999999940395355
Q  1  57.16875076293945 183.74374389648438 0.0  57.16875076293945 183.74374389648438 0.10999999940395355  58.51874923706055 183.74374389648438 0.10999999940395355  58.51874923706055 183.74374389648438 0.0
Q  1  57.16875076293945 44.743751525878906 0.10999999940395355  58.51874923706055 44.743751525878906 0.10999999940395355  58.51874923706055 183.74374389648438 0.10999999940395355  57.16875076293945 183.74374389648438 0.10999999940395355
Q  1  63.16875076293945 44.743751525878906 0.0  63.16875076293945 44.743751525878906 0.10999999940395355  63.16875076293945 183.74374389648438 0.10999999940395355  63.16875076293945 183.74374389648438 0.0
Q  1  64.51875305175781 44.743751525878906 0.0  64.51875305175781 183.74374389648438 0.0  64.51875305175781 183.74374389648438 0.10999999940395355  64.51875305175781 44.743751525878906 0.10999999940395355
Q  1  63.16875076293945 44.743751525878906 0.0  64.51875305175781 44.743751525878906 0.0  64.51875305175781 44.743751525878906 0.10999999940395355  63.16875076293945 44.743751525878906 0.10999999940395355
Q  1  63.16875076293945 183.74374389648438 0.0  63.16875076293945 183.74374389648438 0.10999999940395355  64.51875305175781 183.74374389648438 0.10999999940395355  64.51875305175781 183.74374389648438 0.0
Q  1  63.16875076293945 44.743751525878906 0.10999999940395355  64.51875305175781 44.743751525878906 0.10999999940395355  64.51875305175781 183.74374389648438 0.10999999940395355  63.16875076293945 183.74374389648438 0.10999999940395355
Q  1  69.16874694824219 44.743751525878906 0.0  69.16874694824219 44.743751525878906 0.10999999940395355  69.16874694824219 183.74374389648438 0.10999999940395355  69.16874694824219 183.74374389648438 0.0
Q  1  70.51875305175781 44.743751525878906 0.0  70.51875305175781 183.74374389648438 0.0  70.51875305175781 183.74374389648438 0.10999999940395355  70.51875305175781 44.743751525878906 0.10999999940395355
Q  1  69.16874694824219 44.743751525878906 0.0  70.51875305175781 44.743751525878906 0.0  70.51875305175781 44.743751525878906 0.10999999940395355  69.16874694824219 44.743751525878906 0.10999999940395355
Q  1  69.16874694824219 183.74374389648438 0.0  69.16874694824219 183.74374389648438 0.10999999940395355  70.51875305175781 183.74374389648438 0.10999999940395355  70.51875305175781 183.74374389648438 0.0
Q  1  69.16874694824219 44.743751525878906 0.10999999940395355  70.51875305175781 44.743751525878906 0.10999999940395355  70.51875305175781 183.74374389648438 0.10999999940395355  69.16874694824219 183.74374389648438 0.10999999940395355
Q  1  75.16874694824219 44.743751525878906 0.0  75.16874694824219 44.743751525878906 0.10999999940395355  75.16874694824219 183.74374389648438 0.10999999940395355  75.16874694824219 183.74374389648438 0.0
Q  1  76.51875305175781 44.743751525878906 0.0  76.51875305175781 183.74374389648438 0.0  76.51875305175781 183.74374389648438 0.10999999940395355  76.51875305175781 44.743751525878906 0.10999999940395355
Q  1  75.16874694824219 44.743751525878906 0.0  76.51875305175781 44.743751525878906 0.0  76.51875305175781 44.743751525878906 0.10999999940395355  75.16874694824219 44.743751525878906 0.10999999940395355
Q  1  75.16874694824219 183.74374389648438 0.0  75.16874694824219 183.74374389648438 0.10999999940395355  76.51875305175781 183.74374389648438 0.10999999940395355  76.51875305175781 183.74374389648438 0.0
Q  1  75.16874694824219 44.743751525878906 0.10999999940395355  76.51875305175781 44.743751525878906 0.10999999940395355  76.51875305175781 183.74374389648438 0.10999999940395355  75.16874694824219 183.74374389648438 0.10999999940395355
Q  1  81.16874694824219 44.743751525878906 0.0  81.16874694824219 44.743751525878906 0.10999999940395355  81.16874694824219 183.74374389648438 0.10999999940395355  81.16874694824219 183.74374389648438 0.0
Q  1  82.51875305175781 44.743751525878906 0.0  82.51875305175781 183.74374389648438 0.0  82.51875305175781 183.74374389648438 0.10999999940395355  82.51875305175781 44.743751525878906 0.10999999940395355
Q  1  81.16874694824219 44.743751525878906 0.0  82.51875305175781 44.743751525878906 0.0  82.51875305175781 44.743751525878906 0.10999999940395355  81.16874694824219 44.743751525878906 0.10999999940395355
Q  1  81.16874694824219 183.74374389648438 0.0  81.16874694824219 183.74374389648438 0.10999999940395355  82.51875305175781 183.74374389648438 0.10999999940395355  82.51875305175781 183.74374389648438 0.0
Q  1  81.16874694824219 44.743751525878906 0.10999999940395355  82.51875305175781 44.743751525878906 0.10999999940395355  82.51875305175781 183.74374389648438 0.10999999940395355  81.16874694824219 183.74374389648438 0.10999999940395355
Q  1  87.16874694824219 44.743751525878906 0.0  87.16874694824219 44.743751525878906 0.10999999940395355  87.16874694824219 183.74374389648438 0.10999999940395355  87.16874694824219 183.74374389648438 0.0
Q  1  88.51875305175781 44.743751525878906 0.0  88.51875305175781 183.74374389648438 0.0  88.51875305175781 183.74374389648438 0.10999999940395355  88.51875305175781 44.743751525878906 0.10999999940395355
Q  1  87.16874694824219 44.743751525878906 0.0  88.51875305175781 44.743751525878906 0.0  88.51875305175781 44.743751525878906 0.10999999940395355  87.16874694824219 44.743751525878906 0.10999999940395355
Q  1  87.16874694824219 183.74374389648438 0.0  87.16874694824219 183.74374389648438 0.10999999940395355  88.51875305175781 183.74374389648438 0.10999999940395355  88.51875305175781 183.74374389648438 0.0
Q  1  87.16874694824219 44.743751525878906 0.10999999940395355  88.51875305175781 44.743751525878906 0.10999999940395355  88.51875305175781 183.74374389648438 0.10999999940395355  87.16874694824219 183.74374389648438 0.10999999940395355
Q  1  93.16874694824219 44.743751525878906 0.0  93.16874694824219 44.743751525878906 0.10999999940395355  93.16874694824219 183.74374389648438 0.10999999940395355  93.16874694824219 183.74374389648438 0.0
Q  1  94.51875305175781 44.743751525878906 0.0  94.51875305175781 183.74374389648438 0.0  94.51875305175781 183.74374389648438 0.10999999940395355  94.51875305175781 44.743751525878906 0.10999999940395355
Q  1  93.16874694824219 44.743751525878906 0.0  94.51875305175781 44.743751525878906 0.0  94.51875305175781 44.743751525878906 0.10999999940395355  93.16874694824219 44.743751525878906 0.10999999940395355
Q  1  93.16874694824219 183.74374389648438 0.0  93.16874694824219 183.74374389648438 0.10999999940395355  94.51875305175781 183.74374389648438 0.10999999940395355  94.51875305175781 183.74374389648438 0.0
Q  1  93.16874694824219 44.743751525878906 0.10999999940395355  94.51875305175781 44.743751525878906 0.10999999940395355  94.51875305175781 183.74374389648438 0.10999999940395355  93.16874694824219 183.74374389648438 0.10999999940395355
Q  1  99.16874694824219 44.743751525878906 0.0  99.16874694824219 44.743751525878906 0.10999999940395355  99.16874694824219 183.74374389648438 0.10999999940395355  99.16874694824219 183.74374389648438 0.0
Q  1  100.51875305175781 44.743751525878906 0.0  100.51875305175781 183.74374389648438 0.0  100.51875305175781 183.74374389648438 0.10999999940395355  100.51875305175781 44.743751525878906 0.10999999940395355
Q  1  99.16874694824219 44.743751525878906 0.0  100.51875305175781 44.743751525878906 0.0  100.51875305175781 44.743751525878906 0.10999999940395355  99.16874694824219 44.743751525878906 0.10999999940395355
Q  1  99.16874694824219 183.74374389648438 0.0  99.16874694824219 183.74374389648438 0.10999999940395355  100.51875305175781 183.74374389648438 0.10999999940395355  100.51875305175781 183.74374389648438 0.0
Q  1  99.16874694824219 44.743751525878906 0.10999999940395355  100.51875305175781 44.743751525878906 0.10999999940395355  100.51875305175781 183.74374389648438 0.10999999940395355  99.16874694824219 183.74374389648438 0.10999999940395355
Q  1  105.16874694824219 44.743751525878906 0.0  105.16874694824219 44.743751525878906 0.10999999940395355  105.16874694824219 183.74374389648438 0.10999999940395355  105.16874694824219 183.74374389648438 0.0
Q  1  106.51875305175781 44.743751525878906 0.0  106.51875305175781 183.74374389648438 0.0  106.51875305175781 183.74374389648438 0.10999999940395355  106.51875305175781 44.743751525878906 0.10999999940395355
Q  1  105.16874694824219 44.743751525878906 0.0  106.51875305175781 44.743751525878906 0.0  106.51875305175781 44.743751525878906 0.10999999940395355  105.16874694824219 44.743751525878906 0.10999999940395355
Q  1  105.16874694824219 183.74374389648438 0.0  105.16874694824219 183.74374389648438 0.10999999940395355  106.51875305175781 183.74374389648438 0.10999999940395355  106.51875305175781 183.74374389648438 0.0
Q  1  105.16874694824219 44.743751525878906 0.10999999940395355  106.51875305175781 44.743751525878906 0.10999999940395355  106.51875305175781 183.74374389648438 0.10999999940395355  105.16874694824219 183.74374389648438 0.10999999940395355
Q  1  111.16874694824219 44.743751525878906 0.0  111.16874694824219 44.743751525878906 0.10999999940395355  111.16874694824219 183.74374389648438 0.10999999940395355  111.16874694824219 183.74374389648438 0.0
Q  1  112.51875305175781 44.743751525878906 0.0  112.51875305175781 183.74374389648438 0.0  112.51875305175781 183.74374389648438 0.10999999940395355  112.51875305175781 44.743751525878906 0.10999999940395355
Q  1  111.16874694824219 44.743751525878906 0.0  112.51875305175781 44.743751525878906 0.0  112.51875305175781 44.743751525878906 0.10999999940395355  111.16874694824219 44.743751525878906 0.10999999940395355
Q  1  111.16874694824219 183.74374389648438 0.0  111.16874694824219 183.74374389648438 0.10999999940395355  112.51875305175781 183.74374389648438 0.10999999940395355  112.51875305175781 183.74374389648438 0.0
Q  1  111.16874694824219 44.743751525878906 0.10999999940395355  112.51875305175781 44.743751525878906 0.10999999940395355  112.51875305175781 183.74374389648438 0.10999999940395355  111.16874694824219 183.74374389648438 0.10999999940395355
Q  1  117.16874694824219 44.743751525878906 0.0  117.16874694824219 44.743751525878906 0.10999999940395355  117.16874694824219 183.74374389648438 0.10999999940395355  117.16874694824219 183.74374389648438 0.0
Q  1  118.51875305175781 44.743751525878906 0.0  118.51875305175781 183.74374389648438 0.0  118.51875305175781 183.74374389648438 0.10999999940395355  118.51875305175781 44.743751525878906 0.10999999940395355
Q  1  117.16874694824219 44.743751525878906 0.0  118.51875305175781 44.743751525878906 0.0  118.51875305175781 44.743751525878906 0.10999999940395355  117.16874694824219 44.743751525878906 0.10999999940395355
Q  1  117.16874694824219 183.74374389648438 0.0  117.16874694824219 183.74374389648438 0.10999999940395355  118.51875305175781 183.74374389648438 0.10999999940395355  118.51875305175781 183.74374389648438 0.0
Q  1  117.16874694824219 44.743751525878906 0.10999999940395355  118.51875305175781 44.743751525878906 0.10999999940395355  118.51875305175781 183.74374389648438 0.10999999940395355  117.16874694824219 183.74374389648438 0.10999999940395355
Q  1  123.16874694824219 44.743751525878906 0.0  123.16874694824219 44.743751525878906 0.10999999940395355  123.16874694824219 183.74374389648438 0.10999999940395355  123.16874694824219 183.74374389648438 0.0
Q  1  124.51875305175781 44.743751525878906 0.0  124.51875305175781 183.74374389648438 0.0  124.51875305175781 183.74374389648438 0.10999999940395355  124.51875305175781 44.743751525878906 0.10999999940395355
Q  1  123.16874694824219 44.743751525878906 0.0  124.51875305175781 44.743751525878906 0.0  124.51875305175781 44.743751525878906 0.10999999940395355  123.16874694824219 44.743751525878906 0.10999999940395355
Q  1  123.16874694824219 183.74374389648438 0.0  123.16874694824219 183.74374389648438 0.10999999940395355  124.51875305175781 183.74374389648438 0.10999999940395355  124.51875305175781 183.74374389648438 0.0
Q  1  123.16874694824219 44.743751525878906 0.10999999940395355  124.51875305175781 44.743751525878906 0.10999999940395355  124.51875305175781 183.74374389648438 0.10999999940395355  123.16874694824219 183.74374389648438 0.10999999940395355
Q  1  129.1687469482422 44.743751525878906 0.0  129.1687469482422 44.743751525878906 0.10999999940395355  129.1687469482422 183.74374389648438 0.10999999940395355  129.1687469482422 183.74374389648438 0.0
Q  1  130.5187530517578 44.743751525878906 0.0  130.5187530517578 183.74374389648438 0.0  130.5187530517578 183.74374389648438 0.10999999940395355  130.5187530517578 44.743751525878906 0.10999999940395355
Q  1  129.1687469482422 44.743751525878906 0.0  130.5187530517578 44.743751525878906 0.0  130.5187530517578 44.743751525878906 0.10999999940395355  129.1687469482422 44.743751525878906 0.10999999940395355
Q  1  129.1687469482422 183.74374389648438 0.0  129.1687469482422 183.74374389648438 0.10999999940395355  130.5187530517578 183.74374389648438 0.10999999940395355  130.5187530517578 183.74374389648438 0.0
Q  1  129.1687469482422 44.743751525878906 0.10999999940395355  130.5187530517578 44.743751525878906 0.10999999940395355  130.5187530517578 183.74374389648438 0.10999999940395355  129.1687469482422 183.74374389648438 0.10999999940395355
Q  1  135.1687469482422 44.743751525878906 0.0  135.1687469482422 44.743751525878906 0.10999999940395355  135.1687469482422 183.74374389648438 0.10999999940395355  135.1687469482422 183.74374389648438 0.0
Q  1  136.5187530517578 44.743751525878906 0.0  136.5187530517578 183.74374389648438 0.0  136.5187530517578 183.74374389648438 0.10999999940395355  136.5187530517578 44.743751525878906 0.10999999940395355
Q  1  135.1687469482422 44.743751525878906 0.0  136.5187530517578 44.743751525878906 0.0  136.5187530517578 44.743751525878906 0.10999999940395355  135.1687469482422 44.743751525878906 0.10999999940395355
Q  1  135.1687469482422 183.74374389648438 0.0  135.1687469482422 183.74374389648438 0.10999999940395355  136.5187530517578 183.74374389648438 0.10999999940395355  136.5187530517578 183.74374389648438 0.0
Q  1  135.1687469482422 44.743751525878906 0.10999999940395355  136.5187530517578 44.743751525878906 0.10999999940395355  136.5187530517578 183.74374389648438 0.10999999940395355  135.1687469482422 183.74374389648438 0.10999999940395355
Q  1  141.1687469482422 44.743751525878906 0.0  141.1687469482422 44.743751525878906 0.10999999940395355  141.1687469482422 183.74374389648438 0.10999999940395355  141.1687469482422 183.74374389648438 0.0
Q  1  142.5187530517578 44.743751525878906 0.0  142.5187530517578 183.74374389648438 0.0  142.5187530517578 183.74374389648438 0.10999999940395355  142.5187530517578 44.743751525878906 0.10999999940395355
Q  1  141.1687469482422 44.743751525878906 0.0  142.5187530517578 44.743751525878906 0.0  142.5187530517578 44.743751525878906 0.10999999940395355  141.1687469482422 44.743751525878906 0.10999999940395355
Q  1  141.1687469482422 183.74374389648438 0.0  141.1687469482422 183.74374389648438 0.10999999940395355  142.5187530517578 183.74374389648438 0.10999999940395355  142.5187530517578 183.74374389648438 0.0
Q  1  141.1687469482422 44.743751525878906 0.10999999940395355  142.5187530517578 44.743751525878906 0.10999999940395355  142.5187530517578 183.74374389648438 0.10999999940395355  141.1687469482422 183.74374389648438 0.10999999940395355
Q  1  147.1687469482422 44.743751525878906 0.0  147.1687469482422 44.743751525878906 0.10999999940395355  147.1687469482422 183.74374389648438 0.10999999940395355  147.1687469482422 183.74374389648438 0.0
Q  1  148.5187530517578 44.743751525878906 0.0  148.5187530517578 183.74374389648438 0.0  148.5187530517578 183.74374389648438 0.10999999940395355  148.5187530517578 44.743751525878906 0.10999999940395355
Q  1  147.1687469482422 44.743751525878906 0.0  148.5187530517578 44.743751525878906 0.0  148.5187530517578 44.743751525878906 0.10999999940395355  147.1687469482422 44.743751525878906 0.10999999940395355
Q  1  147.1687469482422 183.74374389648438 0.0  147.1687469482422 183.74374389648438 0.10999999940395355  148.5187530517578 183.74374389648438 0.10999999940395355  148.5187530517578 183.74374389648438 0.0
Q  1  147.1687469482422 44.743751525878906 0.10999999940395355  148.5187530517578 44.743751525878906 0.10999999940395355  148.5187530517578 183.74374389648438 0.10999999940395355  147.1687469482422 183.74374389648438 0.10999999940395355
Q  1  153.1687469482422 44.743751525878906 0.0  153.1687469482422 44.743751525878906 0.10999999940395355  153.1687469482422 183.74374389648438 0.10999999940395355  153.1687469482422 183.74374389648438 0.0
Q  1  154.5187530517578 44.743751525878906 0.0  154.5187530517578 183.74374389648438 0.0  154.5187530517578 183.74374389648438 0.10999999940395355  154.5187530517578 44.743751525878906 0.10999999940395355
Q  1  153.1687469482422 44.743751525878906 0.0  154.5187530517578 44.743751525878906 0.0  154.5187530517578 44.743751525878906 0.10999999940395355  153.1687469482422 44.743751525878906 0.10999999940395355
Q  1  153.1687469482422 183.74374389648438 0.0  153.1687469482422 183.74374389648438 0.10999999940395355  154.5187530517578 183.74374389648438 0.10999999940395355  154.5187530517578 183.74374389648438 0.0
Q  1  153.1687469482422 44.743751525878906 0.10999999940395355  154.5187530517578 44.743751525878906 0.10999999940395355  154.5187530517578 183.74374389648438 0.10999999940395355  153.1687469482422 183.74374389648438 0.10999999940395355
Q  1  159.1687469482422 44.743751525878906 0.0  159.1687469482422 44.743751525878906 0.10999999940395355  159.1687469482422 183.74374389648438 0.10999999940395355  159.1687469482422 183.74374389648438 0.0
Q  1  160.5187530517578 44.743751525878906 0.0  160.5187530517578 183.74374389648438 0.0  160.5187530517578 183.74374389648438 0.10999999940395355  160.5187530517578 44.743751525878906 0.10999999940395355
Q  1  159.1687469482422 44.743751525878906 0.0  160.5187530517578 44.743751525878906 0.0  160.5187530517578 44.743751525878906 0.10999999940395355  159.1687469482422 44.743751525878906 0.10999999940395355
Q  1  159.1687469482422 183.74374389648438 0.0  159.1687469482422 183.74374389648438 0.10999999940395355  160.5187530517578 183.74374389648438 0.10999999940395355  160.5187530517578 183.74374389648438 0.0
Q  1  159.1687469482422 44.743751525878906 0.10999999940395355  160.5187530517578 44.743751525878906 0.10999999940395355  160.5187530517578 183.74374389648438 0.10999999940395355  159.1687469482422 183.74374389648438 0.10999999940395355
Q  1  165.1687469482422 44.743751525878906 0.0  165.1687469482422 44.743751525878906 0.10999999940395355  165.1687469482422 183.74374389648438 0.10999999940395355  165.1687469482422 183.74374389648438 0.0
Q  1  166.5187530517578 44.743751525878906 0.0  166.5187530517578 183.74374389648438 0.0  166.5187530517578 183.74374389648438 0.10999999940395355  166.5187530517578 44.743751525878906 0.10999999940395355
Q  1  165.1687469482422 44.743751525878906 0.0  166.5187530517578 44.743751525878906 0.0  166.5187530517578 44.743751525878906 0.10999999940395355  165.1687469482422 44.743751525878906 0.10999999940395355
Q  1  165.1687469482422 183.74374389648438 0.0  165.1687469482422 183.74374389648438 0.10999999940395355  166.5187530517578 183.74374389648438 0.10999999940395355  166.5187530517578 183.74374389648438 0.0
Q  1  165.1687469482422 44.743751525878906 0.10999999940395355  166.5187530517578 44.743751525878906 0.10999999940395355  166.5187530517578 183.74374389648438 0.10999999940395355  165.1687469482422 183.74374389648438 0.10999999940395355
Q  1  171.1687469482422 44.743751525878906 0.0  171.1687469482422 44.743751525878906 0.10999999940395355  171.1687469482422 183.74374389648438 0.10999999940395355  171.1687469482422 183.74374389648438 0.0
Q  1  172.5187530517578 44.743751525878906 0.0  172.5187530517578 183.74374389648438 0.0  172.5187530517578 183.74374389648438 0.10999999940395355  172.5187530517578 44.743751525878906 0.10999999940395355
Q  1  171.1687469482422 44.743751525878906 0.0  172.5187530517578 44.743751525878906 0.0  172.5187530517578 44.743751525878906 0.10999999940395355  171.1687469482422 44.743751525878906 0.10999999940395355
Q  1  171.1687469482422 183.74374389648438 0.0  171.1687469482422 183.74374389648438 0.10999999940395355  172.5187530517578 183.74374389648438 0.10999999940395355  172.5187530517578 183.74374389648438 0.0
Q  1  171.1687469482422 44.743751525878906 0.10999999940395355  172.5187530517578 44.743751525878906 0.10999999940395355  172.5187530517578 183.74374389648438 0.10999999940395355  171.1687469482422 183.74374389648438 0.10999999940395355
Q  1  177.1687469482422 44.743751525878906 0.0  177.1687469482422 44.743751525878906 0.10999999940395355  177.1687469482422 183.74374389648438 0.10999999940395355  177.1687469482422 183.74374389648438 0.0
Q  1  178.5187530517578 44.743751525878906 0.0  178.5187530517578 183.74374389648438 0.0  178.5187530517578 183.74374389648438 0.10999999940395355  178.5187530517578 44.743751525878906 0.10999999940395355
Q  1  177.1687469482422 44.743751525878906 0.0  178.5187530517578 44.743751525878906 0.0  178.5187530517578 44.743751525878906 0.10999999940395355  177.1687469482422 44.743751525878906 0.10999999940395355
Q  1  177.1687469482422 183.74374389648438 0.0  177.1687469482422 183.74374389648438 0.10999999940395355  178.5187530517578 183.74374389648438 0.10999999940395355  178.5187530517578 183.74374389648438 0.0
Q  1  177.1687469482422 44.743751525878906 0.10999999940395355  178.5187530517578 44.743751525878906 0.10999999940395355  178.5187530517578 183.74374389648438 0.10999999940395355  177.1687469482422 183.74374389648438 0.10999999940395355
Q  1  183.1687469482422 44.743751525878906 0.0  183.1687469482422 44.743751525878906 0.10999999940395355  183.1687469482422 183.74374389648438 0.10999999940395355  183.1687469482422 183.74374389648438 0.0
Q  1  184.5187530517578 44.743751525878906 0.0  184.5187530517578 183.74374389648438 0.0  184.5187530517578 183.74374389648438 0.10999999940395355  184.5187530517578 44.743751525878906 0.10999999940395355
Q  1  183.1687469482422 44.743751525878906 0.0  184.5187530517578 44.743751525878906 0.0  184.5187530517578 44.743751525878906 0.10999999940395355  183.1687469482422 44.743751525878906 0.10999999940395355
Q  1  183.1687469482422 183.74374389648438 0.0  183.1687469482422 183.74374389648438 0.10999999940395355  184.5187530517578 183.74374389648438 0.10999999940395355  184.5187530517578 183.74374389648438 0.0
Q  1  183.1687469482422 44.743751525878906 0.10999999940395355  184.5187530517578 44.743751525878906 0.10999999940395355  184.5187530517578 183.74374389648438 0.10999999940395355  183.1687469482422 183.74374389648438 0.10999999940395355
Q  1  189.1687469482422 44.743751525878906 0.0  189.1687469482422 44.743751525878906 0.10999999940395355  189.1687469482422 183.74374389648438 0.10999999940395355  189.1687469482422 183.74374389648438 0.0
Q  1  190.5187530517578 44.743751525878906 0.0  190.5187530517578 183.74374389648438 0.0  190.5187530517578 183.74374389648438 0.10999999940395355  190.5187530517578 44.743751525878906 0.10999999940395355
Q  1  189.1687469482422 44.743751525878906 0.0  190.5187530517578 44.743751525878906 0.0  190.5187530517578 44.743751525878906 0.10999999940395355  189.1687469482422 44.743751525878906 0.10999999940395355
Q  1  189.1687469482422 183.74374389648438 0.0  189.1687469482422 183.74374389648438 0.10999999940395355  190.5187530517578 183.74374389648438 0.10999999940395355  190.5187530517578 183.74374389648438 0.0
Q  1  189.1687469482422 44.743751525878906 0.10999999940395355  190.5187530517578 44.743751525878906 0.10999999940395355  190.5187530517578 183.74374389648438 0.10999999940395355  189.1687469482422 183.74374389648438 0.10999999940395355
Q  1  195.1687469482422 44.743751525878906 0.0  195.1687469482422 44.743751525878906 0.10999999940395355  195.1687469482422 183.74374389648438 0.10999999940395355  195.1687469482422 183.74374389648438 0.0
Q  1  196.5187530517578 44.743751525878906 0.0  196.5187530517578 183.74374389648438 0.0  196.5187530517578 183.74374389648438 0.10999999940395355  196.5187530517578 44.743751525878906 0.10999999940395355
Q  1  195.1687469482422 44.743751525878906 0.0  196.5187530517578 44.743751525878906 0.0  196.5187530517578 44.743751525878906 0.10999999940395355  195.1687469482422 44.743751525878906 0.10999999940395355
Q  1  195.1687469482422 183.74374389648438 0.0  195.1687469482422 183.74374389648438 0.10999999940395355  196.5187530517578 183.74374389648438 0.10999999940395355  196.5187530517578 183.74374389648438 0.0
Q  1  195.1687469482422 44.743751525878906 0.10999999940395355  196.5187530517578 44.743751525878906 0.10999999940395355  196.5187530517578 183.74374389648438 0.10999999940395355  195.1687469482422 183.74374389648438 0.10999999940395355
Q  1  201.1687469482422 44.743751525878906 0.0  201.1687469482422 44.743751525878906 0.10999999940395355  201.1687469482422 183.74374389648438 0.10999999940395355  201.1687469482422 183.74374389648438 0.0
Q  1  202.5187530517578 44.743751525878906 0.0  202.5187530517578 183.74374389648438 0.0  202.5187530517578 183.74374389648438 0.10999999940395355  202.5187530517578 44.743751525878906 0.10999999940395355
Q  1  201.1687469482422 44.743751525878906 0.0  202.5187530517578 44.743751525878906 0.0  202.5187530517578 44.743751525878906 0.10999999940395355  201.1687469482422 44.743751525878906 0.10999999940395355
Q  1  201.1687469482422 183.74374389648438 0.0  201.1687469482422 183.74374389648438 0.10999999940395355  202.5187530517578 183.74374389648438 0.10999999940395355  202.5187530517578 183.74374389648438 0.0
Q  1  201.1687469482422 44.743751525878906 0.10999999940395355  202.5187530517578 44.743751525878906 0.10999999940395355  202.5187530517578 183.74374389648438 0.10999999940395355  201.1687469482422 183.74374389648438 0.10999999940395355
Q  1  207.1687469482422 44.743751525878906 0.0  207.1687469482422 44.743751525878906 0.10999999940395355  207.1687469482422 183.74374389648438 0.10999999940395355  207.1687469482422 183.74374389648438 0.0
Q  1  208.5187530517578 44.743751525878906 0.0  208.5187530517578 183.74374389648438 0.0  208.5187530517578 183.74374389648438 0.10999999940395355  208.5187530517578 44.743751525878906 0.10999999940395355
Q  1  207.1687469482422 44.743751525878906 0.0  208.5187530517578 44.743751525878906 0.0  208.5187530517578 44.743751525878906 0.10999999940395355  207.1687469482422 44.743751525878906 0.10999999940395355
Q  1  207.1687469482422 183.74374389648438 0.0  207.1687469482422 183.74374389648438 0.10999999940395355  208.5187530517578 183.74374389648438 0.10999999940395355  208.5187530517578 183.74374389648438 0.0
Q  1  207.1687469482422 44.743751525878906 0.10999999940395355  208.5187530517578 44.743751525878906 0.10999999940395355  208.5187530517578 183.74374389648438 0.10999999940395355  207.1687469482422 183.74374389648438 0.10999999940395355
Q  1  213.1687469482422 44.743751525878906 0.0  213.1687469482422 44.743751525878906 0.10999999940395355  213.1687469482422 183.74374389648438 0.10999999940395355  213.1687469482422 183.74374389648438 0.0
Q  1  214.5187530517578 44.743751525878906 0.0  214.5187530517578 183.74374389648438 0.0  214.5187530517578 183.74374389648438 0.10999999940395355  214.5187530517578 44.743751525878906 0.10999999940395355
Q  1  213.1687469482422 44.743751525878906 0.0  214.5187530517578 44.743751525878906 0.0  214.5187530517578 44.743751525878906 0.10999999940395355  213.1687469482422 44.743751525878906 0.10999999940395355
Q  1  213.1687469482422 183.74374389648438 0.0  213.1687469482422 183.74374389648438 0.10999999940395355  214.5187530517578 183.74374389648438 0.10999999940395355  214.5187530517578 183.74374389648438 0.0
Q  1  213.1687469482422 44.743751525878906 0.10999999940395355  214.5187530517578 44.743751525878906 0.10999999940395355  214.5187530517578 183.74374389648438 0.10999999940395355  213.1687469482422 183.74374389648438 0.10999999940395355
Q  1  219.1687469482422 44.743751525878906 0.0  219.1687469482422 44.743751525878906 0.10999999940395355  219.1687469482422 183.74374389648438 0.10999999940395355  219.1687469482422 183.74374389648438 0.0
Q  1  220.5187530517578 44.743751525878906 0.0  220.5187530517578 183.74374389648438 0.0  220.5187530517578 183.74374389648438 0.10999999940395355  220.5187530517578 44.743751525878906 0.10999999940395355
Q  1  219.1687469482422 44.743751525878906 0.0  220.5187530517578 44.743751525878906 0.0  220.5187530517578 44.743751525878906 0.10999999940395355  219.1687469482422 44.743751525878906 0.10999999940395355
Q  1  219.1687469482422 183.74374389648438 0.0  219.1687469482422 183.74374389648438 0.10999999940395355  220.5187530517578 183.74374389648438 0.10999999940395355  220.5187530517578 183.74374389648438 0.0
Q  1  219.1687469482422 44.743751525878906 0.10999999940395355  220.5187530517578 44.743751525878906 0.10999999940395355  220.5187530517578 183.74374389648438 0.10999999940395355  219.1687469482422 183.74374389648438 0.10999999940395355
Q  1  225.1687469482422 44.743751525878906 0.0  225.1687469482422 44.743751525878906 0.10999999940395355  225.1687469482422 183.74374389648438 0.10999999940395355  225.1687469482422 183.74374389648438 0.0
Q  1  226.5187530517578 44.743751525878906 0.0  226.5187530517578 183.74374389648438 0.0  226.5187530517578 183.74374389648438 0.10999999940395355  226.5187530517578 44.743751525878906 0.10999999940395355
Q  1  225.1687469482422 44.743751525878906 0.0  226.5187530517578 44.743751525878906 0.0  226.5187530517578 44.743751525878906 0.10999999940395355  225.1687469482422 44.743751525878906 0.10999999940395355
Q  1  225.1687469482422 183.74374389648438 0.0  225.1687469482422 183.74374389648438 0.10999999940395355  226.5187530517578 183.74374389648438 0.10999999940395355  226.5187530517578 183.74374389648438 0.0
Q  1  225.1687469482422 44.743751525878906 0.10999999940395355  226.5187530517578 44.743751525878906 0.10999999940395355  226.5187530517578 183.74374389648438 0.10999999940395355  225.1687469482422 183.74374389648438 0.10999999940395355
Q  1  231.1687469482422 44.743751525878906 0.0  231.1687469482422 44.743751525878906 0.10999999940395355  231.1687469482422 183.74374389648438 0.10999999940395355  231.1687469482422 183.74374389648438 0.0
Q  1  232.5187530517578 44.743751525878906 0.0  232.5187530517578 183.74374389648438 0.0  232.5187530517578 183.74374389648438 0.10999999940395355  232.5187530517578 44.743751525878906 0.10999999940395355
Q  1  231.1687469482422 44.743751525878906 0.0  232.5187530517578 44.743751525878906 0.0  232.5187530517578 44.743751525878906 0.10999999940395355  231.1687469482422 44.743751525878906 0.10999999940395355
Q  1  231.1687469482422 183.74374389648438 0.0  231.1687469482422 183.74374389648438 0.10999999940395355  232.5187530517578 183.74374389648438 0.10999999940395355  232.5187530517578 183.74374389648438 0.0
Q  1  231.1687469482422 44.743751525878906 0.10999999940395355  232.5187530517578 44.743751525878906 0.10999999940395355  232.5187530517578 183.74374389648438 0.10999999940395355  231.1687469482422 183.74374389648438 0.10999999940395355
Q  1  237.1687469482422 44.743751525878906 0.0  237.1687469482422 44.743751525878906 0.10999999940395355  237.1687469482422 183.74374389648438 0.10999999940395355  237.1687469482422 183.74374389648438 0.0
Q  1  238.5187530517578 44.743751525878906 0.0  238.5187530517578 183.74374389648438 0.0  238.5187530517578 183.74374389648438 0.10999999940395355  238.5187530517578 44.743751525878906 0.10999999940395355
Q  1  237.1687469482422 44.743751525878906 0.0  238.5187530517578 44.743751525878906 0.0  238.5187530517578 44.743751525878906 0.10999999940395355  237.1687469482422 44.743751525878906 0.10999999940395355
Q  1  237.1687469482422 183.74374389648438 0.0  237.1687469482422 183.74374389648438 0.10999999940395355  238.5187530517578 183.74374389648438 0.10999999940395355  238.5187530517578 183.74374389648438 0.0
Q  1  237.1687469482422 44.743751525878906 0.10999999940395355  238.5187530517578 44.743751525878906 0.10999999940395355  238.5187530517578 183.74374389648438 0.10999999940395355  237.1687469482422 183.74374389648438 0.10999999940395355
Q  1  243.1687469482422 44.743751525878906 0.0  243.1687469482422 44.743751525878906 0.10999999940395355  243.1687469482422 183.74374389648438 0.10999999940395355  243.1687469482422 183.74374389648438 0.0
Q  1  244.5187530517578 44.743751525878906 0.0  244.5187530517578 183.74374389648438 0.0  244.5187530517578 183.74374389648438 0.10999999940395355  244.5187530517578 44.743751525878906 0.10999999940395355
Q  1  243.1687469482422 44.743751525878906 0.0  244.5187530517578 44.743751525878906 0.0  244.5187530517578 44.743751525878906 0.10999999940395355  243.1687469482422 44.743751525878906 0.10999999940395355
Q  1  243.1687469482422 183.74374389648438 0.0  243.1687469482422 183.74374389648438 0.10999999940395355  244.5187530517578 183.74374389648438 0.10999999940395355  244.5187530517578 183.74374389648438 0.0
Q  1  243.1687469482422 44.743751525878906 0.10999999940395355  244.5187530517578 44.743751525878906 0.10999999940395355  244.5187530517578 183.74374389648438 0.10999999940395355  243.1687469482422 183.74374389648438 0.10999999940395355
Q  1  249.1687469482422 44.743751525878906 0.0  249.1687469482422 44.743751525878906 0.10999999940395355  249.1687469482422 183.74374389648438 0.10999999940395355  249.1687469482422 183.74374389648438 0.0
Q  1  250.5187530517578 44.743751525878906 0.0  250.5187530517578 183.74374389648438 0.0  250.5187530517578 183.74374389648438 0.10999999940395355  250.5187530517578 44.743751525878906 0.10999999940395355
Q  1  249.1687469482422 44.743751525878906 0.0  250.5187530517578 44.743751525878906 0.0  250.5187530517578 44.743751525878906 0.10999999940395355  249.1687469482422 44.743751525878906 0.10999999940395355
Q  1  249.1687469482422 183.74374389648438 0.0  249.1687469482422 183.74374389648438 0.10999999940395355  250.5187530517578 183.74374389648438 0.10999999940395355  250.5187530517578 183.74374389648438 0.0
Q  1  249.1687469482422 44.743751525878906 0.10999999940395355  250.5187530517578 44.743751525878906 0.10999999940395355  250.5187530517578 183.74374389648438 0.10999999940395355  249.1687469482422 183.74374389648438 0.10999999940395355
Q  1  255.1687469482422 44.743751525878906 0.0  255.1687469482422 44.743751525878906 0.10999999940395355  255.1687469482422 183.74374389648438 0.10999999940395355  255.1687469482422 183.74374389648438 0.0
Q  1  256.51873779296875 44.743751525878906 0.0  256.51873779296875 183.74374389648438 0.0  256.51873779296875 183.74374389648438 0.10999999940395355  256.51873779296875 44.743751525878906 0.10999999940395355
Q  1  255.1687469482422 44.743751525878906 0.0  256.51873779296875 44.743751525878906 0.0  256.51873779296875 44.743751525878906 0.10999999940395355  255.1687469482422 44.743751525878906 0.10999999940395355
Q  1  255.1687469482422 183.74374389648438 0.0  255.1687469482422 183.74374389648438 0.10999999940395355  256.51873779296875 183.74374389648438 0.10999999940395355  256.51873779296875 183.74374389648438 0.0
Q  1  255.1687469482422 44.743751525878906 0.10999999940395355  256.51873779296875 44.743751525878906 0.10999999940395355  256.51873779296875 183.74374389648438 0.10999999940395355  255.1687469482422 183.74374389648438 0.10999999940395355
Q  1  261.16876220703125 44.743751525878906 0.0  261.16876220703125 44.743751525878906 0.10999999940395355  261.16876220703125 183.74374389648438 0.10999999940395355  261.16876220703125 183.74374389648438 0.0
Q  1  262.51873779296875 44.743751525878906 0.0  262.51873779296875 183.74374389648438 0.0  262.51873779296875 183.74374389648438 0.10999999940395355  262.51873779296875 44.743751525878906 0.10999999940395355
Q  1  261.16876220703125 44.743751525878906 0.0  262.51873779296875 44.743751525878906 0.0  262.51873779296875 44.743751525878906 0.10999999940395355  261.16876220703125 44.743751525878906 0.10999999940395355
Q  1  261.16876220703125 183.74374389648438 0.0  261.16876220703125 183.74374389648438 0.10999999940395355  262.51873779296875 183.74374389648438 0.10999999940395355  262.51873779296875 183.74374389648438 0.0
Q  1  261.16876220703125 44.743751525878906 0.10999999940395355  262.51873779296875 44.743751525878906 0.10999999940395355  262.51873779296875 183.74374389648438 0.10999999940395355  261.16876220703125 183.74374389648438 0.10999999940395355
Q  1  267.16876220703125 44.743751525878906 0.0  267.16876220703125 44.743751525878906 0.10999999940395355  267.16876220703125 183.74374389648438 0.10999999940395355  267.16876220703125 183.74374389648438 0.0
Q  1  268.51873779296875 44.743751525878906 0.0  268.51873779296875 183.74374389648438 0.0  268.51873779296875 183.74374389648438 0.10999999940395355  268.51873779296875 44.743751525878906 0.10999999940395355
Q  1  267.16876220703125 44.743751525878906 0.0  268.51873779296875 44.743751525878906 0.0  268.51873779296875 44.743751525878906 0.10999999940395355  267.16876220703125 44.743751525878906 0.10999999940395355
Q  1  267.16876220703125 183.74374389648438 0.0  267.16876220703125 183.74374389648438 0.10999999940395355  268.51873779296875 183.74374389648438 0.10999999940395355  268.51873779296875 183.74374389648438 0.0
Q  1  267.16876220703125 44.743751525878906 0.10999999940395355  268.51873779296875 44.743751525878906 0.10999999940395355  268.51873779296875 183.74374389648438 0.10999999940395355  267.16876220703125 183.74374389648438 0.10999999940395355
Q  1  30.168750762939453 183.74374389648438 0.0  30.168750762939453 183.74374389648438 0.10999999940395355  30.168750762939453 204.15374755859375 0.10999999940395355  30.168750762939453 204.15374755859375 0.0
Q  1  271.51873779296875 183.74374389648438 0.0  271.51873779296875 204.15374755859375 0.0  271.51873779296875 204.15374755859375 0.10999999940395355  271.51873779296875 183.74374389648438 0.10999999940395355
Q  1  34.51874923706055 183.74374389648438 0.0  39.16875076293945 183.74374389648438 0.0  39.16875076293945 183.74374389648438 0.10999999940395355  34.51874923706055 183.74374389648438 0.10999999940395355
Q  1  40.51874923706055 183.74374389648438 0.0  45.16875076293945 183.74374389648438 0.0  45.16875076293945 183.74374389648438 0.10999999940395355  40.51874923706055 183.74374389648438 0.10999999940395355
Q  1  46.51874923706055 183.74374389648438 0.0  51.16875076293945 183.74374389648438 0.0  51.16875076293945 183.74374389648438 0.10999999940395355  46.51874923706055 183.74374389648438 0.10999999940395355
Q  1  52.51874923706055 183.74374389648438 0.0  57.16875076293945 183.74374389648438 0.0  57.16875076293945 183.74374389648438 0.10999999940395355  52.51874923706055 183.74374389648438 0.10999999940395355
Q  1  58.51874923706055 183.74374389648438 0.0  63.16875076293945 183.74374389648438 0.0  63.16875076293945 183.74374389648438 0.10999999940395355  58.51874923706055 183.74374389648438 0.10999999940395355
Q  1  64.51875305175781 183.74374389648438 0.0  69.16874694824219 183.74374389648438 0.0  69.16874694824219 183.74374389648438 0.10999999940395355  64.51875305175781 183.74374389648438 0.10999999940395355
Q  1  70.51875305175781 183.74374389648438 0.0  75.16874694824219 183.74374389648438 0.0  75.16874694824219 183.74374389648438 0.10999999940395355  70.51875305175781 183.74374389648438 0.10999999940395355
Q  1  76.51875305175781 183.74374389648438 0.0  81.16874694824219 183.74374389648438 0.0  81.16874694824219 183.74374389648438 0.10999999940395355  76.51875305175781 183.74374389648438 0.10999999940395355
Q  1  82.51875305175781 183.74374389648438 0.0  87.16874694824219 183.74374389648438 0.0  87.16874694824219 183.74374389648438 0.10999999940395355  82.51875305175781 183.74374389648438 0.10999999940395355
Q  1  88.51875305175781 183.74374389648438 0.0  93.16874694824219 183.74374389648438 0.0  93.16874694824219 183.74374389648438 0.10999999940395355  88.51875305175781 183.74374389648438 0.10999999940395355
Q  1  94.51875305175781 183.74374389648438 0.0  99.16874694824219 183.74374389648438 0.0  99.16874694824219 183.74374389648438 0.10999999940395355  94.51875305175781 183.74374389648438 0.10999999940395355
Q  1  100.51875305175781 183.74374389648438 0.0  105.16874694824219 183.74374389648438 0.0  105.16874694824219 183.74374389648438 0.10999999940395355  100.51875305175781 183.74374389648438 0.10999999940395355
Q  1  106.51875305175781 183.74374389648438 0.0  111.16874694824219 183.74374389648438 0.0  111.16874694824219 183.74374389648438 0.10999999940395355  106.51875305175781 183.74374389648438 0.10999999940395355
Q  1  112.51875305175781 183.74374389648438 0.0  117.16874694824219 183.74374389648438 0.0  117.16874694824219 183.74374389648438 0.10999999940395355  112.51875305175781 183.74374389648438 0.10999999940395355
Q  1  118.51875305175781 183.74374389648438 0.0  123.16874694824219 183.74374389648438 0.0  123.16874694824219 183.74374389648438 0.10999999940395355  118.51875305175781 183.74374389648438 0.10999999940395355
Q  1  124.51875305175781 183.74374389648438 0.0  129.1687469482422 183.74374389648438 0.0  129.1687469482422 183.74374389648438 0.10999999940395355  124.51875305175781 183.74374389648438 0.10999999940395355
Q  1  130.5187530517578 183.74374389648438 0.0  135.1687469482422 183.74374389648438 0.0  135.1687469482422 183.74374389648438 0.10999999940395355  130.5187530517578 183.74374389648438 0.10999999940395355
Q  1  136.5187530517578 183.74374389648438 0.0  141.1687469482422 183.74374389648438 0.0  141.1687469482422 183.74374389648438 0.10999999940395355  136.5187530517578 183.74374389648438 0.10999999940395355
Q  1  142.5187530517578 183.74374389648438 0.0  147.1687469482422 183.74374389648438 0.0  147.1687469482422 183.74374389648438 0.10999999940395355  142.5187530517578 183.74374389648438 0.10999999940395355
Q  1  148.5187530517578 183.74374389648438 0.0  153.1687469482422 183.74374389648438 0.0  153.1687469482422 183.74374389648438 0.10999999940395355  148.5187530517578 183.74374389648438 0.10999999940395355
Q  1  154.5187530517578 183.74374389648438 0.0  159.1687469482422 183.74374389648438 0.0  159.1687469482422 183.74374389648438 0.10999999940395355  154.5187530517578 183.74374389648438 0.10999999940395355
Q  1  160.5187530517578 183.74374389648438 0.0  165.1687469482422 183.74374389648438 0.0  165.1687469482422 183.74374389648438 0.10999999940395355  160.5187530517578 183.74374389648438 0.10999999940395355
Q  1  166.5187530517578 183.74374389648438 0.0  171.1687469482422 183.74374389648438 0.0  171.1687469482422 183.74374389648438 0.10999999940395355  166.5187530517578 183.74374389648438 0.10999999940395355
Q  1  172.5187530517578 183.74374389648438 0.0  177.1687469482422 183.74374389648438 0.0  177.1687469482422 183.74374389648438 0.10999999940395355  172.5187530517578 183.74374389648438 0.10999999940395355
Q  1  178.5187530517578 183.74374389648438 0.0  183.1687469482422 183.74374389648438 0.0  183.1687469482422 183.74374389648438 0.10999999940395355  178.5187530517578 183.74374389648438 0.10999999940395355
Q  1  184.5187530517578 183.74374389648438 0.0  189.1687469482422 183.74374389648438 0.0  189.1687469482422 183.74374389648438 0.10999999940395355  184.5187530517578 183.74374389648438 0.10999999940395355
Q  1  190.5187530517578 183.74374389648438 0.0  195.1687469482422 183.74374389648438 0.0  195.1687469482422 183.74374389648438 0.10999999940395355  190.5187530517578 183.74374389648438 0.10999999940395355
Q  1  196.5187530517578 183.74374389648438 0.0  201.1687469482422 183.74374389648438 0.0  201.1687469482422 183.74374389648438 0.10999999940395355  196.5187530517578 183.74374389648438 0.10999999940395355
Q  1  202.5187530517578 183.74374389648438 0.0  207.1687469482422 183.74374389648438 0.0  207.1687469482422 183.74374389648438 0.10999999940395355  202.5187530517578 183.74374389648438 0.10999999940395355
Q  1  208.5187530517578 183.74374389648438 0.0  213.1687469482422 183.74374389648438 0.0  213.1687469482422 183.74374389648438 0.10999999940395355  208.5187530517578 183.74374389648438 0.10999999940395355
Q  1  214.5187530517578 183.74374389648438 0.0  219.1687469482422 183.74374389648438 0.0  219.1687469482422 183.74374389648438 0.10999999940395355  214.5187530517578 183.74374389648438 0.10999999940395355
Q  1  220.5187530517578 183.74374389648438 0.0  225.1687469482422 183.74374389648438 0.0  225.1687469482422 183.74374389648438 0.10999999940395355  220.5187530517578 183.74374389648438 0.10999999940395355
Q  1  226.5187530517578 183.74374389648438 0.0  231.1687469482422 183.74374389648438 0.0  231.1687469482422 183.74374389648438 0.10999999940395355  226.5187530517578 183.74374389648438 0.10999999940395355
Q  1  232.5187530517578 183.74374389648438 0.0  237.1687469482422 183.74374389648438 0.0  237.1687469482422 183.74374389648438 0.10999999940395355  232.5187530517578 183.74374389648438 0.10999999940395355
Q  1  238.5187530517578 183.74374389648438 0.0  243.1687469482422 183.74374389648438 0.0  243.1687469482422 183.74374389648438 0.10999999940395355  238.5187530517578 183.74374389648438 0.10999999940395355
Q  1  244.5187530517578 183.74374389648438 0.0  249.1687469482422 183.74374389648438 0.0  249.1687469482422 183.74374389648438 0.10999999940395355  244.5187530517578 183.74374389648438 0.10999999940395355
Q  1  250.5187530517578 183.74374389648438 0.0  255.1687469482422 183.74374389648438 0.0  255.1687469482422 183.74374389648438 0.10999999940395355  250.5187530517578 183.74374389648438 0.10999999940395355
Q  1  256.51873779296875 183.74374389648438 0.0  261.16876220703125 183.74374389648438 0.0  261.16876220703125 183.74374389648438 0.10999999940395355  256.51873779296875 183.74374389648438 0.10999999940395355
Q  1  262.51873779296875 183.74374389648438 0.0  267.16876220703125 183.74374389648438 0.0  267.16876220703125 183.74374389648438 0.10999999940395355  262.51873779296875 183.74374389648438 0.10999999940395355
Q  1  30.168750762939453 183.74374389648438 0.0  33.16875076293945 183.74374389648438 0.0  33.16875076293945 183.74374389648438 0.10999999940395355  30.168750762939453 183.74374389648438 0.10999999940395355
Q  1  268.51873779296875 183.74374389648438 0.0  271.51873779296875 183.74374389648438 0.0  271.51873779296875 183.74374389648438 0.10999999940395355  268.51873779296875 183.74374389648438 0.10999999940395355
Q  1  30.168750762939453 204.15374755859375 0.0  30.168750762939453 204.15374755859375 0.10999999940395355  271.51873779296875 204.15374755859375 0.10999999940395355  271.51873779296875 204.15374755859375 0.0
Q  1  33.16875076293945 183.74374389648438 0.10999999940395355  34.51874923706055 183.74374389648438 0.10999999940395355  34.51874923706055 204.15374755859375 0.10999999940395355  33.16875076293945 204.15374755859375 0.10999999940395355
Q  1  39.16875076293945 183.74374389648438 0.10999999940395355  40.51874923706055 183.74374389648438 0.10999999940395355  40.51874923706055 204.15374755859375 0.10999999940395355  39.16875076293945 204.15374755859375 0.10999999940395355
Q  1  45.16875076293945 183.74374389648438 0.10999999940395355  46.51874923706055 183.74374389648438 0.10999999940395355  46.51874923706055 204.15374755859375 0.10999999940395355  45.16875076293945 204.15374755859375 0.10999999940395355
Q  1  51.16875076293945 183.74374389648438 0.10999999940395355  52.51874923706055 183.74374389648438 0.10999999940395355  52.51874923706055 204.15374755859375 0.10999999940395355  51.16875076293945 204.15374755859375 0.10999999940395355
Q  1  57.16875076293945 183.74374389648438 0.10999999940395355  58.51874923706055 183.74374389648438 0.10999999940395355  58.51874923706055 204.15374755859375 0.10999999940395355  57.16875076293945 204.15374755859375 0.10999999940395355
Q  1  63.16875076293945 183.74374389648438 0.10999999940395355  64.51875305175781 183.74374389648438 0.10999999940395355  64.51875305175781 204.15374755859375 0.10999999940395355  63.16875076293945 204.15374755859375 0.10999999940395355
Q  1  69.16874694824219 183.74374389648438 0.10999999940395355  70.51875305175781 183.74374389648438 0.10999999940395355  70.51875305175781 204.15374755859375 0.10999999940395355  69.16874694824219 204.15374755859375 0.10999999940395355
Q  1  75.16874694824219 183.74374389648438 0.10999999940395355  76.51875305175781 183.74374389648438 0.10999999940395355  76.51875305175781 204.15374755859375 0.10999999940395355  75.16874694824219 204.15374755859375 0.10999999940395355
Q  1  81.16874694824219 183.74374389648438 0.10999999940395355  82.51875305175781 183.74374389648438 0.10999999940395355  82.51875305175781 204.15374755859375 0.10999999940395355  81.16874694824219 204.15374755859375 0.10999999940395355
Q  1  87.16874694824219 183.74374389648438 0.10999999940395355  88.51875305175781 183.74374389648438 0.10999999940395355  88.51875305175781 204.15374755859375 0.10999999940395355  87.16874694824219 204.15374755859375 0.10999999940395355
Q  1  93.16874694824219 183.74374389648438 0.10999999940395355  94.51875305175781 183.74374389648438 0.10999999940395355  94.51875305175781 204.15374755859375 0.10999999940395355  93.16874694824219 204.15374755859375 0.10999999940395355
Q  1  99.16874694824219 183.74374389648438 0.10999999940395355  100.51875305175781 183.74374389648438 0.10999999940395355  100.51875305175781 204.15374755859375 0.10999999940395355  99.16874694824219 204.15374755859375 0.10999999940395355
Q  1  105.16874694824219 183.74374389648438 0.10999999940395355  106.51875305175781 183.74374389648438 0.10999999940395355  106.51875305175781 204.15374755859375 0.10999999940395355  105.16874694824219 204.15374755859375 0.10999999940395355
Q  1  111.16874694824219 183.74374389648438 0.10999999940395355  112.51875305175781 183.74374389648438 0.10999999940395355  112.51875305175781 204.15374755859375 0.10999999940395355  111.16874694824219 204.15374755859375 0.10999999940395355
Q  1  117.16874694824219 183.74374389648438 0.10999999940395355  118.51875305175781 183.74374389648438 0.10999999940395355  118.51875305175781 204.15374755859375 0.10999999940395355  117.16874694824219 204.15374755859375 0.10999999940395355
Q  1  123.16874694824219 183.74374389648438 0.10999999940395355  124.51875305175781 183.74374389648438 0.10999999940395355  124.51875305175781 204.15374755859375 0.10999999940395355  123.16874694824219 204.15374755859375 0.10999999940395355
Q  1  129.1687469482422 183.74374389648438 0.10999999940395355  130.5187530517578 183.74374389648438 0.10999999940395355  130.5187530517578 204.15374755859375 0.10999999940395355  129.1687469482422 204.15374755859375 0.10999999940395355
Q  1  135.1687469482422 183.74374389648438 0.10999999940395355  136.5187530517578 183.74374389648438 0.10999999940395355  136.5187530517578 204.15374755859375 0.10999999940395355  135.1687469482422 204.15374755859375 0.10999999940395355
Q  1  141.1687469482422 183.74374389648438 0.10999999940395355  142.5187530517578 183.74374389648438 0.10999999940395355  142.5187530517578 204.15374755859375 0.10999999940395355  141.1687469482422 204.15374755859375 0.10999999940395355
Q  1  147.1687469482422 183.74374389648438 0.10999999940395355  148.5187530517578 183.74374389648438 0.10999999940395355  148.5187530517578 204.15374755859375 0.10999999940395355  147.1687469482422 204.15374755859375 0.10999999940395355
Q  1  153.1687469482422 183.74374389648438 0.10999999940395355  154.5187530517578 183.74374389648438 0.10999999940395355  154.5187530517578 204.15374755859375 0.10999999940395355  153.1687469482422 204.15374755859375 0.10999999940395355
Q  1  159.1687469482422 183.74374389648438 0.10999999940395355  160.5187530517578 183.74374389648438 0.10999999940395355  160.5187530517578 204.15374755859375 0.10999999940395355  159.1687469482422 204.15374755859375 0.10999999940395355
Q  1  165.1687469482422 183.74374389648438 0.10999999940395355  166.5187530517578 183.74374389648438 0.10999999940395355  166.5187530517578 204.15374755859375 0.10999999940395355  165.1687469482422 204.15374755859375 0.10999999940395355
Q  1  171.1687469482422 183.74374389648438 0.10999999940395355  172.5187530517578 183.74374389648438 0.10999999940395355  172.5187530517578 204.15374755859375 0.10999999940395355  171.1687469482422 204.15374755859375 0.10999999940395355
Q  1  177.1687469482422 183.74374389648438 0.10999999940395355  178.5187530517578 183.74374389648438 0.10999999940395355  178.5187530517578 204.15374755859375 0.10999999940395355  177.1687469482422 204.15374755859375 0.10999999940395355
Q  1  183.1687469482422 183.74374389648438 0.10999999940395355  184.5187530517578 183.74374389648438 0.10999999940395355  184.5187530517578 204.15374755859375 0.10999999940395355  183.1687469482422 204.15374755859375 0.10999999940395355
Q  1  189.1687469482422 183.74374389648438 0.10999999940395355  190.5187530517578 183.74374389648438 0.10999999940395355  190.5187530517578 204.15374755859375 0.10999999940395355  189.1687469482422 204.15374755859375 0.10999999940395355
Q  1  195.1687469482422 183.74374389648438 0.10999999940395355  196.5187530517578 183.74374389648438 0.10999999940395355  196.5187530517578 204.15374755859375 0.10999999940395355  195.1687469482422 204.15374755859375 0.10999999940395355
Q  1  201.1687469482422 183.74374389648438 0.10999999940395355  202.5187530517578 183.74374389648438 0.10999999940395355  202.5187530517578 204.15374755859375 0.10999999940395355  201.1687469482422 204.15374755859375 0.10999999940395355
Q  1  207.1687469482422 183.74374389648438 0.10999999940395355  208.5187530517578 183.74374389648438 0.10999999940395355  208.5187530517578 204.15374755859375 0.10999999940395355  207.1687469482422 204.15374755859375 0.10999999940395355
Q  1  213.1687469482422 183.74374389648438 0.10999999940395355  214.5187530517578 183.74374389648438 0.10999999940395355  214.5187530517578 204.15374755859375 0.10999999940395355  213.1687469482422 204.15374755859375 0.10999999940395355
Q  1  219.1687469482422 183.74374389648438 0.10999999940395355  220.5187530517578 183.74374389648438 0.10999999940395355  220.5187530517578 204.15374755859375 0.10999999940395355  219.1687469482422 204.15374755859375 0.10999999940395355
Q  1  225.1687469482422 183.74374389648438 0.10999999940395355  226.5187530517578 183.74374389648438 0.10999999940395355  226.5187530517578 204.15374755859375 0.10999999940395355  225.1687469482422 204.15374755859375 0.10999999940395355
Q  1  231.1687469482422 183.74374389648438 0.10999999940395355  232.5187530517578 183.74374389648438 0.10999999940395355  232.5187530517578 204.15374755859375 0.10999999940395355  231.1687469482422 204.15374755859375 0.10999999940395355
Q  1  237.1687469482422 183.74374389648438 0.10999999940395355  238.5187530517578 183.74374389648438 0.10999999940395355  238.5187530517578 204.15374755859375 0.10999999940395355  237.1687469482422 204.15374755859375 0.10999999940395355
Q  1  243.1687469482422 183.74374389648438 0.10999999940395355  244.5187530517578 183.74374389648438 0.10999999940395355  244.5187530517578 204.15374755859375 0.10999999940395355  243.1687469482422 204.15374755859375 0.10999999940395355
Q  1  249.1687469482422 183.74374389648438 0.10999999940395355  250.5187530517578 183.74374389648438 0.10999999940395355  250.5187530517578 204.15374755859375 0.10999999940395355  249.1687469482422 204.15374755859375 0.10999999940395355
Q  1  255.1687469482422 183.74374389648438 0.10999999940395355  256.51873779296875 183.74374389648438 0.10999999940395355  256.51873779296875 204.15374755859375 0.10999999940395355  255.1687469482422 204.15374755859375 0.10999999940395355
Q  1  261.16876220703125 183.74374389648438 0.10999999940395355  262.51873779296875 183.74374389648438 0.10999999940395355  262.51873779296875 204.15374755859375 0.10999999940395355  261.16876220703125 204.15374755859375 0.10999999940395355
Q  1  267.16876220703125 183.74374389648438 0.10999999940395355  268.51873779296875 183.74374389648438 0.10999999940395355  268.51873779296875 204.15374755859375 0.10999999940395355  267.16876220703125 204.15374755859375 0.10999999940395355
Q  1  34.51874923706055 183.74374389648438 0.10999999940395355  39.16875076293945 183.74374389648438 0.10999999940395355  39.16875076293945 204.15374755859375 0.10999999940395355  34.51874923706055 204.15374755859375 0.10999999940395355
Q  1  40.51874923706055 183.74374389648438 0.10999999940395355  45.16875076293945 183.74374389648438 0.10999999940395355  45.16875076293945 204.15374755859375 0.10999999940395355  40.51874923706055 204.15374755859375 0.10999999940395355
Q  1  46.51874923706055 183.74374389648438 0.10999999940395355  51.16875076293945 183.74374389648438 0.10999999940395355  51.16875076293945 204.15374755859375 0.10999999940395355  46.51874923706055 204.15374755859375 0.10999999940395355
Q  1  52.51874923706055 183.74374389648438 0.10999999940395355  57.16875076293945 183.74374389648438 0.10999999940395355  57.16875076293945 204.15374755859375 0.10999999940395355  52.51874923706055 204.15374755859375 0.10999999940395355
Q  1  58.51874923706055 183.74374389648438 0.10999999940395355  63.16875076293945 183.74374389648438 0.10999999940395355  63.16875076293945 204.15374755859375 0.10999999940395355  58.51874923706055 204.15374755859375 0.10999999940395355
Q  1  64.51875305175781 183.74374389648438 0.10999999940395355  69.16874694824219 183.74374389648438 0.10999999940395355  69.16874694824219 204.15374755859375 0.10999999940395355  64.51875305175781 204.15374755859375 0.10999999940395355
Q  1  70.51875305175781 183.74374389648438 0.10999999940395355  75.16874694824219 183.74374389648438 0.10999999940395355  75.16874694824219 204.15374755859375 0.10999999940395355  70.51875305175781 204.15374755859375 0.10999999940395355
Q  1  76.51875305175781 183.74374389648438 0.10999999940395355  81.16874694824219 183.74374389648438 0.10999999940395355  81.16874694824219 204.15374755859375 0.10999999940395355  76.51875305175781 204.15374755859375 0.10999999940395355
Q  1  82.51875305175781 183.74374389648438 0.10999999940395355  87.16874694824219 183.74374389648438 0.10999999940395355  87.16874694824219 204.15374755859375 0.10999999940395355  82.51875305175781 204.15374755859375 0.10999999940395355
Q  1  88.51875305175781 183.74374389648438 0.10999999940395355  93.16874694824219 183.74374389648438 0.10999999940395355  93.16874694824219 204.15374755859375 0.10999999940395355  88.51875305175781 204.15374755859375 0.10999999940395355
Q  1  94.51875305175781 183.74374389648438 0.10999999940395355  99.16874694824219 183.74374389648438 0.10999999940395355  99.16874694824219 204.15374755859375 0.10999999940395355  94.51875305175781 204.15374755859375 0.10999999940395355
Q  1  100.51875305175781 183.74374389648438 0.10999999940395355  105.16874694824219 183.74374389648438 0.10999999940395355  105.16874694824219 204.15374755859375 0.10999999940395355  100.51875305175781 204.15374755859375 0.10999999940395355
Q  1  106.51875305175781 183.74374389648438 0.10999999940395355  111.16874694824219 183.74374389648438 0.10999999940395355  111.16874694824219 204.15374755859375 0.10999999940395355  106.51875305175781 204.15374755859375 0.10999999940395355
Q  1  112.51875305175781 183.74374389648438 0.10999999940395355  117.16874694824219 183.74374389648438 0.10999999940395355  117.16874694824219 204.15374755859375 0.10999999940395355  112.51875305175781 204.15374755859375 0.10999999940395355
Q  1  118.51875305175781 183.74374389648438 0.10999999940395355  123.16874694824219 183.74374389648438 0.10999999940395355  123.16874694824219 204.15374755859375 0.10999999940395355  118.51875305175781 204.15374755859375 0.10999999940395355
Q  1  124.51875305175781 183.74374389648438 0.10999999940395355  129.1687469482422 183.74374389648438 0.10999999940395355  129.1687469482422 204.15374755859375 0.10999999940395355  124.51875305175781 204.15374755859375 0.10999999940395355
Q  1  130.5187530517578 183.74374389648438 0.10999999940395355  135.1687469482422 183.74374389648438 0.10999999940395355  135.1687469482422 204.15374755859375 0.10999999940395355  130.5187530517578 204.15374755859375 0.10999999940395355
Q  1  136.5187530517578 183.74374389648438 0.10999999940395355  141.1687469482422 183.74374389648438 0.10999999940395355  141.1687469482422 204.15374755859375 0.10999999940395355  136.5187530517578 204.15374755859375 0.10999999940395355
Q  1  142.5187530517578 183.74374389648438 0.10999999940395355  147.1687469482422 183.74374389648438 0.10999999940395355  147.1687469482422 204.15374755859375 0.10999999940395355  142.5187530517578 204.15374755859375 0.10999999940395355
Q  1  148.5187530517578 183.74374389648438 0.10999999940395355  153.1687469482422 183.74374389648438 0.10999999940395355  153.1687469482422 204.15374755859375 0.10999999940395355  148.5187530517578 204.15374755859375 0.10999999940395355
Q  1  154.5187530517578 183.74374389648438 0.10999999940395355  159.1687469482422 183.74374389648438 0.10999999940395355  159.1687469482422 204.15374755859375 0.10999999940395355  154.5187530517578 204.15374755859375 0.10999999940395355
Q  1  160.5187530517578 183.74374389648438 0.10999999940395355  165.1687469482422 183.74374389648438 0.10999999940395355  165.1687469482422 204.15374755859375 0.10999999940395355  160.5187530517578 204.15374755859375 0.10999999940395355
Q  1  166.5187530517578 183.74374389648438 0.10999999940395355  171.1687469482422 183.74374389648438 0.10999999940395355  171.1687469482422 204.15374755859375 0.10999999940395355  166.5187530517578 204.15374755859375 0.10999999940395355
Q  1  172.5187530517578 183.74374389648438 0.10999999940395355  177.1687469482422 183.74374389648438 0.10999999940395355  177.1687469482422 204.15374755859375 0.10999999940395355  172.5187530517578 204.15374755859375 0.10999999940395355
Q  1  178.5187530517578 183.74374389648438 0.10999999940395355  183.1687469482422 183.74374389648438 0.10999999940395355  183.1687469482422 204.15374755859375 0.10999999940395355  178.5187530517578 204.15374755859375 0.10999999940395355
Q  1  184.5187530517578 183.74374389648438 0.10999999940395355  189.1687469482422 183.74374389648438 0.10999999940395355  189.1687469482422 204.15374755859375 0.10999999940395355  184.5187530517578 204.15374755859375 0.10999999940395355
Q  1  190.5187530517578 183.74374389648438 0.10999999940395355  195.1687469482422 183.74374389648438 0.10999999940395355  195.1687469482422 204.15374755859375 0.10999999940395355  190.5187530517578 204.15374755859375 0.10999999940395355
Q  1  196.5187530517578 183.74374389648438 0.10999999940395355  201.1687469482422 183.74374389648438 0.10999999940395355  201.1687469482422 204.15374755859375 0.10999999940395355  196.5187530517578 204.15374755859375 0.10999999940395355
Q  1  202.5187530517578 183.74374389648438 0.10999999940395355  207.1687469482422 183.74374389648438 0.10999999940395355  207.1687469482422 204.15374755859375 0.10999999940395355  202.5187530517578 204.15374755859375 0.10999999940395355
Q  1  208.5187530517578 183.74374389648438 0.10999999940395355  213.1687469482422 183.74374389648438 0.10999999940395355  213.1687469482422 204.15374755859375 0.10999999940395355  208.5187530517578 204.15374755859375 0.10999999940395355
Q  1  214.5187530517578 183.74374389648438 0.10999999940395355  219.1687469482422 183.74374389648438 0.10999999940395355  219.1687469482422 204.15374755859375 0.10999999940395355  214.5187530517578 204.15374755859375 0.10999999940395355
Q  1  220.5187530517578 183.74374389648438 0.10999999940395355  225.1687469482422 183.74374389648438 0.10999999940395355  225.1687469482422 204.15374755859375 0.10999999940395355  220.5187530517578 204.15374755859375 0.10999999940395355
Q  1  226.5187530517578 183.74374389648438 0.10999999940395355  231.1687469482422 183.74374389648438 0.10999999940395355  231.1687469482422 204.15374755859375 0.10999999940395355  226.5187530517578 204.15374755859375 0.10999999940395355
Q  1  232.5187530517578 183.74374389648438 0.10999999940395355  237.1687469482422 183.74374389648438 0.10999999940395355  237.1687469482422 204.15374755859375 0.10999999940395355  232.5187530517578 204.15374755859375 0.10999999940395355
Q  1  238.5187530517578 183.74374389648438 0.10999999940395355  243.1687469482422 183.74374389648438 0.10999999940395355  243.1687469482422 204.15374755859375 0.10999999940395355  238.5187530517578 204.15374755859375 0.10999999940395355
Q  1  244.5187530517578 183.74374389648438 0.10999999940395355  249.1687469482422 183.74374389648438 0.10999999940395355  249.1687469482422 204.15374755859375 0.10999999940395355  244.5187530517578 204.15374755859375 0.10999999940395355
Q  1  250.5187530517578 183.74374389648438 0.10999999940395355  255.1687469482422 183.74374389648438 0.10999999940395355  255.1687469482422 204.15374755859375 0.10999999940395355  250.5187530517578 204.15374755859375 0.10999999940395355
Q  1  256.51873779296875 183.74374389648438 0.10999999940395355  261.16876220703125 183.74374389648438 0.10999999940395355  261.16876220703125 204.15374755859375 0.10999999940395355  256.51873779296875 204.15374755859375 0.10999999940395355
Q  1  262.51873779296875 183.74374389648438 0.10999999940395355  267.16876220703125 183.74374389648438 0.10999999940395355  267.16876220703125 204.15374755859375 0.10999999940395355  262.51873779296875 204.15374755859375 0.10999999940395355
Q  1  30.168750762939453 183.74374389648438 0.10999999940395355  33.16875076293945 183.74374389648438 0.10999999940395355  33.16875076293945 204.15374755859375 0.10999999940395355  30.168750762939453 204.15374755859375 0.10999999940395355
Q  1  268.51873779296875 183.74374389648438 0.10999999940395355  271.51873779296875 183.74374389648438 0.10999999940395355  271.51873779296875 204.15374755859375 0.10999999940395355  268.51873779296875 204.15374755859375 0.10999999940395355
N  1  Upper