0  Dummy_Si_O2_cond_Si
Q  1  0.0 0.0 0.0  151.6875 0.0 0.0  151.6875 22.68375015258789 0.0  0.0 22.68375015258789 0.0
Q  1  0.0 204.15374755859375 0.0  151.6875 204.15374755859375 0.0  151.6875 226.83749389648438 0.0  0.0 226.83749389648438 0.0
Q  1  0.0 22.68375015258789 0.0  15.168749809265137 22.68375015258789 0.0  15.168749809265137 204.15374755859375 0.0  0.0 204.15374755859375 0.0
Q  1  136.5187530517578 22.68375015258789 0.0  151.6875 22.68375015258789 0.0  151.6875 204.15374755859375 0.0  136.5187530517578 204.15374755859375 0.0
Q  1  15.168749809265137 182.09375 0.0  16.518749237060547 182.09375 0.0  16.518749237060547 183.74374389648438 0.0  15.168749809265137 183.74374389648438 0.0
Q  1  21.168750762939453 182.09375 0.0  22.518749237060547 182.09375 0.0  22.518749237060547 183.74374389648438 0.0  21.168750762939453 183.74374389648438 0.0
Q  1  27.168750762939453 182.09375 0.0  28.518749237060547 182.09375 0.0  28.518749237060547 183.74374389648438 0.0  27.168750762939453 183.74374389648438 0.0
Q  1  33.16875076293945 182.09375 0.0  34.51874923706055 182.09375 0.0  34.51874923706055 183.74374389648438 0.0  33.16875076293945 183.74374389648438 0.0
Q  1  39.16875076293945 182.09375 0.0  40.51874923706055 182.09375 0.0  40.51874923706055 183.74374389648438 0.0  39.16875076293945 183.74374389648438 0.0
Q  1  45.16875076293945 182.09375 0.0  46.51874923706055 182.09375 0.0  46.51874923706055 183.74374389648438 0.0  45.16875076293945 183.74374389648438 0.0
Q  1  51.16875076293945 182.09375 0.0  52.51874923706055 182.09375 0.0  52.51874923706055 183.74374389648438 0.0  51.16875076293945 183.74374389648438 0.0
Q  1  57.16875076293945 182.09375 0.0  58.51874923706055 182.09375 0.0  58.51874923706055 183.74374389648438 0.0  57.16875076293945 183.74374389648438 0.0
Q  1  63.16875076293945 182.09375 0.0  64.51875305175781 182.09375 0.0  64.51875305175781 183.74374389648438 0.0  63.16875076293945 183.74374389648438 0.0
Q  1  69.16874694824219 182.09375 0.0  70.51875305175781 182.09375 0.0  70.51875305175781 183.74374389648438 0.0  69.16874694824219 183.74374389648438 0.0
Q  1  75.16874694824219 182.09375 0.0  76.51875305175781 182.09375 0.0  76.51875305175781 183.74374389648438 0.0  75.16874694824219 183.74374389648438 0.0
Q  1  81.16874694824219 182.09375 0.0  82.51875305175781 182.09375 0.0  82.51875305175781 183.74374389648438 0.0  81.16874694824219 183.74374389648438 0.0
Q  1  87.16874694824219 182.09375 0.0  88.51875305175781 182.09375 0.0  88.51875305175781 183.74374389648438 0.0  87.16874694824219 183.74374389648438 0.0
Q  1  93.16874694824219 182.09375 0.0  94.51875305175781 182.09375 0.0  94.51875305175781 183.74374389648438 0.0  93.16874694824219 183.74374389648438 0.0
Q  1  99.16874694824219 182.09375 0.0  100.51875305175781 182.09375 0.0  100.51875305175781 183.74374389648438 0.0  99.16874694824219 183.74374389648438 0.0
Q  1  105.16874694824219 182.09375 0.0  106.51875305175781 182.09375 0.0  106.51875305175781 183.74374389648438 0.0  105.16874694824219 183.74374389648438 0.0
Q  1  111.16874694824219 182.09375 0.0  112.51875305175781 182.09375 0.0  112.51875305175781 183.74374389648438 0.0  111.16874694824219 183.74374389648438 0.0
Q  1  117.16874694824219 182.09375 0.0  118.51875305175781 182.09375 0.0  118.51875305175781 183.74374389648438 0.0  117.16874694824219 183.74374389648438 0.0
Q  1  123.16874694824219 182.09375 0.0  124.51875305175781 182.09375 0.0  124.51875305175781 183.74374389648438 0.0  123.16874694824219 183.74374389648438 0.0
Q  1  129.1687469482422 182.09375 0.0  130.5187530517578 182.09375 0.0  130.5187530517578 183.74374389648438 0.0  129.1687469482422 183.74374389648438 0.0
Q  1  135.1687469482422 182.09375 0.0  136.5187530517578 182.09375 0.0  136.5187530517578 183.74374389648438 0.0  135.1687469482422 183.74374389648438 0.0
Q  1  16.518749237060547 182.09375 0.0  18.168750762939453 182.09375 0.0  18.168750762939453 183.74374389648438 0.0  16.518749237060547 183.74374389648438 0.0
Q  1  16.518749237060547 43.09375 0.0  18.168750762939453 43.09375 0.0  18.168750762939453 182.09375 0.0  16.518749237060547 182.09375 0.0
Q  1  22.518749237060547 182.09375 0.0  24.168750762939453 182.09375 0.0  24.168750762939453 183.74374389648438 0.0  22.518749237060547 183.74374389648438 0.0
Q  1  22.518749237060547 43.09375 0.0  24.168750762939453 43.09375 0.0  24.168750762939453 182.09375 0.0  22.518749237060547 182.09375 0.0
Q  1  28.518749237060547 182.09375 0.0  30.168750762939453 182.09375 0.0  30.168750762939453 183.74374389648438 0.0  28.518749237060547 183.74374389648438 0.0
Q  1  28.518749237060547 43.09375 0.0  30.168750762939453 43.09375 0.0  30.168750762939453 182.09375 0.0  28.518749237060547 182.09375 0.0
Q  1  34.51874923706055 182.09375 0.0  36.16875076293945 182.09375 0.0  36.16875076293945 183.74374389648438 0.0  34.51874923706055 183.74374389648438 0.0
Q  1  34.51874923706055 43.09375 0.0  36.16875076293945 43.09375 0.0  36.16875076293945 182.09375 0.0  34.51874923706055 182.09375 0.0
Q  1  40.51874923706055 182.09375 0.0  42.16875076293945 182.09375 0.0  42.16875076293945 183.74374389648438 0.0  40.51874923706055 183.74374389648438 0.0
Q  1  40.51874923706055 43.09375 0.0  42.16875076293945 43.09375 0.0  42.16875076293945 182.09375 0.0  40.51874923706055 182.09375 0.0
Q  1  46.51874923706055 182.09375 0.0  48.16875076293945 182.09375 0.0  48.16875076293945 183.74374389648438 0.0  46.51874923706055 183.74374389648438 0.0
Q  1  46.51874923706055 43.09375 0.0  48.16875076293945 43.09375 0.0  48.16875076293945 182.09375 0.0  46.51874923706055 182.09375 0.0
Q  1  52.51874923706055 182.09375 0.0  54.16875076293945 182.09375 0.0  54.16875076293945 183.74374389648438 0.0  52.51874923706055 183.74374389648438 0.0
Q  1  52.51874923706055 43.09375 0.0  54.16875076293945 43.09375 0.0  54.16875076293945 182.09375 0.0  52.51874923706055 182.09375 0.0
Q  1  58.51874923706055 182.09375 0.0  60.16875076293945 182.09375 0.0  60.16875076293945 183.74374389648438 0.0  58.51874923706055 183.74374389648438 0.0
Q  1  58.51874923706055 43.09375 0.0  60.16875076293945 43.09375 0.0  60.16875076293945 182.09375 0.0  58.51874923706055 182.09375 0.0
Q  1  64.51875305175781 182.09375 0.0  66.16874694824219 182.09375 0.0  66.16874694824219 183.74374389648438 0.0  64.51875305175781 183.74374389648438 0.0
Q  1  64.51875305175781 43.09375 0.0  66.16874694824219 43.09375 0.0  66.16874694824219 182.09375 0.0  64.51875305175781 182.09375 0.0
Q  1  70.51875305175781 182.09375 0.0  72.16874694824219 182.09375 0.0  72.16874694824219 183.74374389648438 0.0  70.51875305175781 183.74374389648438 0.0
Q  1  70.51875305175781 43.09375 0.0  72.16874694824219 43.09375 0.0  72.16874694824219 182.09375 0.0  70.51875305175781 182.09375 0.0
Q  1  76.51875305175781 182.09375 0.0  78.16874694824219 182.09375 0.0  78.16874694824219 183.74374389648438 0.0  76.51875305175781 183.74374389648438 0.0
Q  1  76.51875305175781 43.09375 0.0  78.16874694824219 43.09375 0.0  78.16874694824219 182.09375 0.0  76.51875305175781 182.09375 0.0
Q  1  82.51875305175781 182.09375 0.0  84.16874694824219 182.09375 0.0  84.16874694824219 183.74374389648438 0.0  82.51875305175781 183.74374389648438 0.0
Q  1  82.51875305175781 43.09375 0.0  84.16874694824219 43.09375 0.0  84.16874694824219 182.09375 0.0  82.51875305175781 182.09375 0.0
Q  1  88.51875305175781 182.09375 0.0  90.16874694824219 182.09375 0.0  90.16874694824219 183.74374389648438 0.0  88.51875305175781 183.74374389648438 0.0
Q  1  88.51875305175781 43.09375 0.0  90.16874694824219 43.09375 0.0  90.16874694824219 182.09375 0.0  88.51875305175781 182.09375 0.0
Q  1  94.51875305175781 182.09375 0.0  96.16874694824219 182.09375 0.0  96.16874694824219 183.74374389648438 0.0  94.51875305175781 183.74374389648438 0.0
Q  1  94.51875305175781 43.09375 0.0  96.16874694824219 43.09375 0.0  96.16874694824219 182.09375 0.0  94.51875305175781 182.09375 0.0
Q  1  100.51875305175781 182.09375 0.0  102.16874694824219 182.09375 0.0  102.16874694824219 183.74374389648438 0.0  100.51875305175781 183.74374389648438 0.0
Q  1  100.51875305175781 43.09375 0.0  102.16874694824219 43.09375 0.0  102.16874694824219 182.09375 0.0  100.51875305175781 182.09375 0.0
Q  1  106.51875305175781 182.09375 0.0  108.16874694824219 182.09375 0.0  108.16874694824219 183.74374389648438 0.0  106.51875305175781 183.74374389648438 0.0
Q  1  106.51875305175781 43.09375 0.0  108.16874694824219 43.09375 0.0  108.16874694824219 182.09375 0.0  106.51875305175781 182.09375 0.0
Q  1  112.51875305175781 182.09375 0.0  114.16874694824219 182.09375 0.0  114.16874694824219 183.74374389648438 0.0  112.51875305175781 183.74374389648438 0.0
Q  1  112.51875305175781 43.09375 0.0  114.16874694824219 43.09375 0.0  114.16874694824219 182.09375 0.0  112.51875305175781 182.09375 0.0
Q  1  118.51875305175781 182.09375 0.0  120.16874694824219 182.09375 0.0  120.16874694824219 183.74374389648438 0.0  118.51875305175781 183.74374389648438 0.0
Q  1  118.51875305175781 43.09375 0.0  120.16874694824219 43.09375 0.0  120.16874694824219 182.09375 0.0  118.51875305175781 182.09375 0.0
Q  1  124.51875305175781 182.09375 0.0  126.16874694824219 182.09375 0.0  126.16874694824219 183.74374389648438 0.0  124.51875305175781 183.74374389648438 0.0
Q  1  124.51875305175781 43.09375 0.0  126.16874694824219 43.09375 0.0  126.16874694824219 182.09375 0.0  124.51875305175781 182.09375 0.0
Q  1  130.5187530517578 182.09375 0.0  132.1687469482422 182.09375 0.0  132.1687469482422 183.74374389648438 0.0  130.5187530517578 183.74374389648438 0.0
Q  1  130.5187530517578 43.09375 0.0  132.1687469482422 43.09375 0.0  132.1687469482422 182.09375 0.0  130.5187530517578 182.09375 0.0
Q  1  18.168750762939453 43.09375 0.0  19.518749237060547 43.09375 0.0  19.518749237060547 44.743751525878906 0.0  18.168750762939453 44.743751525878906 0.0
Q  1  24.168750762939453 43.09375 0.0  25.518749237060547 43.09375 0.0  25.518749237060547 44.743751525878906 0.0  24.168750762939453 44.743751525878906 0.0
Q  1  30.168750762939453 43.09375 0.0  31.518749237060547 43.09375 0.0  31.518749237060547 44.743751525878906 0.0  30.168750762939453 44.743751525878906 0.0
Q  1  36.16875076293945 43.09375 0.0  37.51874923706055 43.09375 0.0  37.51874923706055 44.743751525878906 0.0  36.16875076293945 44.743751525878906 0.0
Q  1  42.16875076293945 43.09375 0.0  43.51874923706055 43.09375 0.0  43.51874923706055 44.743751525878906 0.0  42.16875076293945 44.743751525878906 0.0
Q  1  48.16875076293945 43.09375 0.0  49.51874923706055 43.09375 0.0  49.51874923706055 44.743751525878906 0.0  48.16875076293945 44.743751525878906 0.0
Q  1  54.16875076293945 43.09375 0.0  55.51874923706055 43.09375 0.0  55.51874923706055 44.743751525878906 0.0  54.16875076293945 44.743751525878906 0.0
Q  1  60.16875076293945 43.09375 0.0  61.51874923706055 43.09375 0.0  61.51874923706055 44.743751525878906 0.0  60.16875076293945 44.743751525878906 0.0
Q  1  66.16874694824219 43.09375 0.0  67.51875305175781 43.09375 0.0  67.51875305175781 44.743751525878906 0.0  66.16874694824219 44.743751525878906 0.0
Q  1  72.16874694824219 43.09375 0.0  73.51875305175781 43.09375 0.0  73.51875305175781 44.743751525878906 0.0  72.16874694824219 44.743751525878906 0.0
Q  1  78.16874694824219 43.09375 0.0  79.51875305175781 43.09375 0.0  79.51875305175781 44.743751525878906 0.0  78.16874694824219 44.743751525878906 0.0
Q  1  84.16874694824219 43.09375 0.0  85.51875305175781 43.09375 0.0  85.51875305175781 44.743751525878906 0.0  84.16874694824219 44.743751525878906 0.0
Q  1  90.16874694824219 43.09375 0.0  91.51875305175781 43.09375 0.0  91.51875305175781 44.743751525878906 0.0  90.16874694824219 44.743751525878906 0.0
Q  1  96.16874694824219 43.09375 0.0  97.51875305175781 43.09375 0.0  97.51875305175781 44.743751525878906 0.0  96.16874694824219 44.743751525878906 0.0
Q  1  102.16874694824219 43.09375 0.0  103.51875305175781 43.09375 0.0  103.51875305175781 44.743751525878906 0.0  102.16874694824219 44.743751525878906 0.0
Q  1  108.16874694824219 43.09375 0.0  109.51875305175781 43.09375 0.0  109.51875305175781 44.743751525878906 0.0  108.16874694824219 44.743751525878906 0.0
Q  1  114.16874694824219 43.09375 0.0  115.51875305175781 43.09375 0.0  115.51875305175781 44.743751525878906 0.0  114.16874694824219 44.743751525878906 0.0
Q  1  120.16874694824219 43.09375 0.0  121.51875305175781 43.09375 0.0  121.51875305175781 44.743751525878906 0.0  120.16874694824219 44.743751525878906 0.0
Q  1  126.16874694824219 43.09375 0.0  127.51875305175781 43.09375 0.0  127.51875305175781 44.743751525878906 0.0  126.16874694824219 44.743751525878906 0.0
Q  1  132.1687469482422 43.09375 0.0  133.5187530517578 43.09375 0.0  133.5187530517578 44.743751525878906 0.0  132.1687469482422 44.743751525878906 0.0
Q  1  19.518749237060547 182.09375 0.0  21.168750762939453 182.09375 0.0  21.168750762939453 183.74374389648438 0.0  19.518749237060547 183.74374389648438 0.0
Q  1  19.518749237060547 43.09375 0.0  21.168750762939453 43.09375 0.0  21.168750762939453 182.09375 0.0  19.518749237060547 182.09375 0.0
Q  1  25.518749237060547 182.09375 0.0  27.168750762939453 182.09375 0.0  27.168750762939453 183.74374389648438 0.0  25.518749237060547 183.74374389648438 0.0
Q  1  25.518749237060547 43.09375 0.0  27.168750762939453 43.09375 0.0  27.168750762939453 182.09375 0.0  25.518749237060547 182.09375 0.0
Q  1  31.518749237060547 182.09375 0.0  33.16875076293945 182.09375 0.0  33.16875076293945 183.74374389648438 0.0  31.518749237060547 183.74374389648438 0.0
Q  1  31.518749237060547 43.09375 0.0  33.16875076293945 43.09375 0.0  33.16875076293945 182.09375 0.0  31.518749237060547 182.09375 0.0
Q  1  37.51874923706055 182.09375 0.0  39.16875076293945 182.09375 0.0  39.16875076293945 183.74374389648438 0.0  37.51874923706055 183.74374389648438 0.0
Q  1  37.51874923706055 43.09375 0.0  39.16875076293945 43.09375 0.0  39.16875076293945 182.09375 0.0  37.51874923706055 182.09375 0.0
Q  1  43.51874923706055 182.09375 0.0  45.16875076293945 182.09375 0.0  45.16875076293945 183.74374389648438 0.0  43.51874923706055 183.74374389648438 0.0
Q  1  43.51874923706055 43.09375 0.0  45.16875076293945 43.09375 0.0  45.16875076293945 182.09375 0.0  43.51874923706055 182.09375 0.0
Q  1  49.51874923706055 182.09375 0.0  51.16875076293945 182.09375 0.0  51.16875076293945 183.74374389648438 0.0  49.51874923706055 183.74374389648438 0.0
Q  1  49.51874923706055 43.09375 0.0  51.16875076293945 43.09375 0.0  51.16875076293945 182.09375 0.0  49.51874923706055 182.09375 0.0
Q  1  55.51874923706055 182.09375 0.0  57.16875076293945 182.09375 0.0  57.16875076293945 183.74374389648438 0.0  55.51874923706055 183.74374389648438 0.0
Q  1  55.51874923706055 43.09375 0.0  57.16875076293945 43.09375 0.0  57.16875076293945 182.09375 0.0  55.51874923706055 182.09375 0.0
Q  1  61.51874923706055 182.09375 0.0  63.16875076293945 182.09375 0.0  63.16875076293945 183.74374389648438 0.0  61.51874923706055 183.74374389648438 0.0
Q  1  61.51874923706055 43.09375 0.0  63.16875076293945 43.09375 0.0  63.16875076293945 182.09375 0.0  61.51874923706055 182.09375 0.0
Q  1  67.51875305175781 182.09375 0.0  69.16874694824219 182.09375 0.0  69.16874694824219 183.74374389648438 0.0  67.51875305175781 183.74374389648438 0.0
Q  1  67.51875305175781 43.09375 0.0  69.16874694824219 43.09375 0.0  69.16874694824219 182.09375 0.0  67.51875305175781 182.09375 0.0
Q  1  73.51875305175781 182.09375 0.0  75.16874694824219 182.09375 0.0  75.16874694824219 183.74374389648438 0.0  73.51875305175781 183.74374389648438 0.0
Q  1  73.51875305175781 43.09375 0.0  75.16874694824219 43.09375 0.0  75.16874694824219 182.09375 0.0  73.51875305175781 182.09375 0.0
Q  1  79.51875305175781 182.09375 0.0  81.16874694824219 182.09375 0.0  81.16874694824219 183.74374389648438 0.0  79.51875305175781 183.74374389648438 0.0
Q  1  79.51875305175781 43.09375 0.0  81.16874694824219 43.09375 0.0  81.16874694824219 182.09375 0.0  79.51875305175781 182.09375 0.0
Q  1  85.51875305175781 182.09375 0.0  87.16874694824219 182.09375 0.0  87.16874694824219 183.74374389648438 0.0  85.51875305175781 183.74374389648438 0.0
Q  1  85.51875305175781 43.09375 0.0  87.16874694824219 43.09375 0.0  87.16874694824219 182.09375 0.0  85.51875305175781 182.09375 0.0
Q  1  91.51875305175781 182.09375 0.0  93.16874694824219 182.09375 0.0  93.16874694824219 183.74374389648438 0.0  91.51875305175781 183.74374389648438 0.0
Q  1  91.51875305175781 43.09375 0.0  93.16874694824219 43.09375 0.0  93.16874694824219 182.09375 0.0  91.51875305175781 182.09375 0.0
Q  1  97.51875305175781 182.09375 0.0  99.16874694824219 182.09375 0.0  99.16874694824219 183.74374389648438 0.0  97.51875305175781 183.74374389648438 0.0
Q  1  97.51875305175781 43.09375 0.0  99.16874694824219 43.09375 0.0  99.16874694824219 182.09375 0.0  97.51875305175781 182.09375 0.0
Q  1  103.51875305175781 182.09375 0.0  105.16874694824219 182.09375 0.0  105.16874694824219 183.74374389648438 0.0  103.51875305175781 183.74374389648438 0.0
Q  1  103.51875305175781 43.09375 0.0  105.16874694824219 43.09375 0.0  105.16874694824219 182.09375 0.0  103.51875305175781 182.09375 0.0
Q  1  109.51875305175781 182.09375 0.0  111.16874694824219 182.09375 0.0  111.16874694824219 183.74374389648438 0.0  109.51875305175781 183.74374389648438 0.0
Q  1  109.51875305175781 43.09375 0.0  111.16874694824219 43.09375 0.0  111.16874694824219 182.09375 0.0  109.51875305175781 182.09375 0.0
Q  1  115.51875305175781 182.09375 0.0  117.16874694824219 182.09375 0.0  117.16874694824219 183.74374389648438 0.0  115.51875305175781 183.74374389648438 0.0
Q  1  115.51875305175781 43.09375 0.0  117.16874694824219 43.09375 0.0  117.16874694824219 182.09375 0.0  115.51875305175781 182.09375 0.0
Q  1  121.51875305175781 182.09375 0.0  123.16874694824219 182.09375 0.0  123.16874694824219 183.74374389648438 0.0  121.51875305175781 183.74374389648438 0.0
Q  1  121.51875305175781 43.09375 0.0  123.16874694824219 43.09375 0.0  123.16874694824219 182.09375 0.0  121.51875305175781 182.09375 0.0
Q  1  127.51875305175781 182.09375 0.0  129.1687469482422 182.09375 0.0  129.1687469482422 183.74374389648438 0.0  127.51875305175781 183.74374389648438 0.0
Q  1  127.51875305175781 43.09375 0.0  129.1687469482422 43.09375 0.0  129.1687469482422 182.09375 0.0  127.51875305175781 182.09375 0.0
Q  1  133.5187530517578 182.09375 0.0  135.1687469482422 182.09375 0.0  135.1687469482422 183.74374389648438 0.0  133.5187530517578 183.74374389648438 0.0
Q  1  133.5187530517578 43.09375 0.0  135.1687469482422 43.09375 0.0  135.1687469482422 182.09375 0.0  133.5187530517578 182.09375 0.0
N  1  Dielectric