0  Dummy_Si_O2_cond_Si
Q  1  15.168749809265137 43.09375 0.0  15.168749809265137 182.09375 0.0  16.518749237060547 182.09375 0.0  16.518749237060547 43.09375 0.0
Q  1  21.168750762939453 43.09375 0.0  21.168750762939453 182.09375 0.0  22.518749237060547 182.09375 0.0  22.518749237060547 43.09375 0.0
Q  1  27.168750762939453 43.09375 0.0  27.168750762939453 182.09375 0.0  28.518749237060547 182.09375 0.0  28.518749237060547 43.09375 0.0
Q  1  33.16875076293945 43.09375 0.0  33.16875076293945 182.09375 0.0  34.51874923706055 182.09375 0.0  34.51874923706055 43.09375 0.0
Q  1  39.16875076293945 43.09375 0.0  39.16875076293945 182.09375 0.0  40.51874923706055 182.09375 0.0  40.51874923706055 43.09375 0.0
Q  1  45.16875076293945 43.09375 0.0  45.16875076293945 182.09375 0.0  46.51874923706055 182.09375 0.0  46.51874923706055 43.09375 0.0
Q  1  51.16875076293945 43.09375 0.0  51.16875076293945 182.09375 0.0  52.51874923706055 182.09375 0.0  52.51874923706055 43.09375 0.0
Q  1  57.16875076293945 43.09375 0.0  57.16875076293945 182.09375 0.0  58.51874923706055 182.09375 0.0  58.51874923706055 43.09375 0.0
Q  1  63.16875076293945 43.09375 0.0  63.16875076293945 182.09375 0.0  64.51875305175781 182.09375 0.0  64.51875305175781 43.09375 0.0
Q  1  69.16874694824219 43.09375 0.0  69.16874694824219 182.09375 0.0  70.51875305175781 182.09375 0.0  70.51875305175781 43.09375 0.0
Q  1  75.16874694824219 43.09375 0.0  75.16874694824219 182.09375 0.0  76.51875305175781 182.09375 0.0  76.51875305175781 43.09375 0.0
Q  1  81.16874694824219 43.09375 0.0  81.16874694824219 182.09375 0.0  82.51875305175781 182.09375 0.0  82.51875305175781 43.09375 0.0
Q  1  87.16874694824219 43.09375 0.0  87.16874694824219 182.09375 0.0  88.51875305175781 182.09375 0.0  88.51875305175781 43.09375 0.0
Q  1  93.16874694824219 43.09375 0.0  93.16874694824219 182.09375 0.0  94.51875305175781 182.09375 0.0  94.51875305175781 43.09375 0.0
Q  1  99.16874694824219 43.09375 0.0  99.16874694824219 182.09375 0.0  100.51875305175781 182.09375 0.0  100.51875305175781 43.09375 0.0
Q  1  105.16874694824219 43.09375 0.0  105.16874694824219 182.09375 0.0  106.51875305175781 182.09375 0.0  106.51875305175781 43.09375 0.0
Q  1  111.16874694824219 43.09375 0.0  111.16874694824219 182.09375 0.0  112.51875305175781 182.09375 0.0  112.51875305175781 43.09375 0.0
Q  1  117.16874694824219 43.09375 0.0  117.16874694824219 182.09375 0.0  118.51875305175781 182.09375 0.0  118.51875305175781 43.09375 0.0
Q  1  123.16874694824219 43.09375 0.0  123.16874694824219 182.09375 0.0  124.51875305175781 182.09375 0.0  124.51875305175781 43.09375 0.0
Q  1  129.1687469482422 43.09375 0.0  129.1687469482422 182.09375 0.0  130.5187530517578 182.09375 0.0  130.5187530517578 43.09375 0.0
Q  1  135.1687469482422 43.09375 0.0  135.1687469482422 182.09375 0.0  136.5187530517578 182.09375 0.0  136.5187530517578 43.09375 0.0
Q  1  15.168749809265137 22.68375015258789 0.0  15.168749809265137 43.09375 0.0  136.5187530517578 43.09375 0.0  136.5187530517578 22.68375015258789 0.0
N  1  Lower