0  Dummy_Si_O2_cond_Si
Q  1  18.168750762939453 44.743751525878906 0.0  18.168750762939453 183.74374389648438 0.0  19.518749237060547 183.74374389648438 0.0  19.518749237060547 44.743751525878906 0.0
Q  1  24.168750762939453 44.743751525878906 0.0  24.168750762939453 183.74374389648438 0.0  25.518749237060547 183.74374389648438 0.0  25.518749237060547 44.743751525878906 0.0
Q  1  30.168750762939453 44.743751525878906 0.0  30.168750762939453 183.74374389648438 0.0  31.518749237060547 183.74374389648438 0.0  31.518749237060547 44.743751525878906 0.0
Q  1  36.16875076293945 44.743751525878906 0.0  36.16875076293945 183.74374389648438 0.0  37.51874923706055 183.74374389648438 0.0  37.51874923706055 44.743751525878906 0.0
Q  1  42.16875076293945 44.743751525878906 0.0  42.16875076293945 183.74374389648438 0.0  43.51874923706055 183.74374389648438 0.0  43.51874923706055 44.743751525878906 0.0
Q  1  48.16875076293945 44.743751525878906 0.0  48.16875076293945 183.74374389648438 0.0  49.51874923706055 183.74374389648438 0.0  49.51874923706055 44.743751525878906 0.0
Q  1  54.16875076293945 44.743751525878906 0.0  54.16875076293945 183.74374389648438 0.0  55.51874923706055 183.74374389648438 0.0  55.51874923706055 44.743751525878906 0.0
Q  1  60.16875076293945 44.743751525878906 0.0  60.16875076293945 183.74374389648438 0.0  61.51874923706055 183.74374389648438 0.0  61.51874923706055 44.743751525878906 0.0
Q  1  66.16874694824219 44.743751525878906 0.0  66.16874694824219 183.74374389648438 0.0  67.51875305175781 183.74374389648438 0.0  67.51875305175781 44.743751525878906 0.0
Q  1  72.16874694824219 44.743751525878906 0.0  72.16874694824219 183.74374389648438 0.0  73.51875305175781 183.74374389648438 0.0  73.51875305175781 44.743751525878906 0.0
Q  1  78.16874694824219 44.743751525878906 0.0  78.16874694824219 183.74374389648438 0.0  79.51875305175781 183.74374389648438 0.0  79.51875305175781 44.743751525878906 0.0
Q  1  84.16874694824219 44.743751525878906 0.0  84.16874694824219 183.74374389648438 0.0  85.51875305175781 183.74374389648438 0.0  85.51875305175781 44.743751525878906 0.0
Q  1  90.16874694824219 44.743751525878906 0.0  90.16874694824219 183.74374389648438 0.0  91.51875305175781 183.74374389648438 0.0  91.51875305175781 44.743751525878906 0.0
Q  1  96.16874694824219 44.743751525878906 0.0  96.16874694824219 183.74374389648438 0.0  97.51875305175781 183.74374389648438 0.0  97.51875305175781 44.743751525878906 0.0
Q  1  102.16874694824219 44.743751525878906 0.0  102.16874694824219 183.74374389648438 0.0  103.51875305175781 183.74374389648438 0.0  103.51875305175781 44.743751525878906 0.0
Q  1  108.16874694824219 44.743751525878906 0.0  108.16874694824219 183.74374389648438 0.0  109.51875305175781 183.74374389648438 0.0  109.51875305175781 44.743751525878906 0.0
Q  1  114.16874694824219 44.743751525878906 0.0  114.16874694824219 183.74374389648438 0.0  115.51875305175781 183.74374389648438 0.0  115.51875305175781 44.743751525878906 0.0
Q  1  120.16874694824219 44.743751525878906 0.0  120.16874694824219 183.74374389648438 0.0  121.51875305175781 183.74374389648438 0.0  121.51875305175781 44.743751525878906 0.0
Q  1  126.16874694824219 44.743751525878906 0.0  126.16874694824219 183.74374389648438 0.0  127.51875305175781 183.74374389648438 0.0  127.51875305175781 44.743751525878906 0.0
Q  1  132.1687469482422 44.743751525878906 0.0  132.1687469482422 183.74374389648438 0.0  133.5187530517578 183.74374389648438 0.0  133.5187530517578 44.743751525878906 0.0
Q  1  15.168749809265137 183.74374389648438 0.0  15.168749809265137 204.15374755859375 0.0  136.5187530517578 204.15374755859375 0.0  136.5187530517578 183.74374389648438 0.0
N  1  Upper