0  Dummy_Si_O2_cond_Si
Q  1  137.89772033691406 206.21591186523438 -2.0  151.6875 206.2158966064453 -2.0  151.6875 226.83749389648438 -2.0  137.89772033691406 226.83749389648438 -2.0
Q  1  0.0 206.21591186523438 -2.0  13.789772033691406 206.21591186523438 -2.0  13.789772987365723 226.83749389648438 -2.0  0.0 226.83749389648438 -2.0
Q  1  13.789772033691406 206.21591186523438 -2.0  27.579544067382812 206.21591186523438 -2.0  27.579544067382812 226.83749389648438 -2.0  13.789772987365723 226.83749389648438 -2.0
Q  1  27.579544067382812 206.21591186523438 -2.0  41.36931610107422 206.21591186523438 -2.0  41.36931610107422 226.83749389648438 -2.0  27.579544067382812 226.83749389648438 -2.0
Q  1  41.36931610107422 206.21591186523438 -2.0  55.159088134765625 206.21591186523438 -2.0  55.159088134765625 226.83749389648438 -2.0  41.36931610107422 226.83749389648438 -2.0
Q  1  55.159088134765625 206.21591186523438 -2.0  68.94886016845703 206.21591186523438 -2.0  68.94886016845703 226.83749389648438 -2.0  55.159088134765625 226.83749389648438 -2.0
Q  1  68.94886016845703 206.21591186523438 -2.0  82.73863220214844 206.21591186523438 -2.0  82.73863220214844 226.83749389648438 -2.0  68.94886016845703 226.83749389648438 -2.0
Q  1  82.73863220214844 206.21591186523438 -2.0  96.52840423583984 206.21591186523438 -2.0  96.52840423583984 226.83749389648438 -2.0  82.73863220214844 226.83749389648438 -2.0
Q  1  96.52840423583984 206.21591186523438 -2.0  110.31817626953125 206.21591186523438 -2.0  110.31817626953125 226.83749389648438 -2.0  96.52840423583984 226.83749389648438 -2.0
Q  1  110.31817626953125 206.21591186523438 -2.0  124.10794830322266 206.21591186523438 -2.0  124.10794830322266 226.83749389648438 -2.0  110.31817626953125 226.83749389648438 -2.0
Q  1  124.10794830322266 206.21591186523438 -2.0  137.89772033691406 206.21591186523438 -2.0  137.89772033691406 226.83749389648438 -2.0  124.10794830322266 226.83749389648438 -2.0
Q  1  0.0 0.0 -2.0  13.789772033691406 0.0 -2.0  13.789772033691406 20.621591567993164 -2.0  0.0 20.621591567993164 -2.0
Q  1  0.0 20.621591567993164 -2.0  13.789772033691406 20.621591567993164 -2.0  13.789772033691406 41.24317932128906 -2.0  0.0 41.24317932128906 -2.0
Q  1  0.0 41.24317932128906 -2.0  13.789772033691406 41.24317932128906 -2.0  13.789772033691406 61.864768981933594 -2.0  0.0 61.864768981933594 -2.0
Q  1  0.0 61.864768981933594 -2.0  13.789772033691406 61.864768981933594 -2.0  13.789772033691406 82.48635864257812 -2.0  0.0 82.48635864257812 -2.0
Q  1  0.0 82.48635864257812 -2.0  13.789772033691406 82.48635864257812 -2.0  13.789772033691406 103.10794830322266 -2.0  0.0 103.10794830322266 -2.0
Q  1  0.0 103.10794830322266 -2.0  13.789772033691406 103.10794830322266 -2.0  13.789772033691406 123.72953796386719 -2.0  0.0 123.72953796386719 -2.0
Q  1  0.0 123.72953796386719 -2.0  13.789772033691406 123.72953796386719 -2.0  13.789772033691406 144.35113525390625 -2.0  0.0 144.35113525390625 -2.0
Q  1  0.0 144.35113525390625 -2.0  13.789772033691406 144.35113525390625 -2.0  13.789772033691406 164.97271728515625 -2.0  0.0 164.97271728515625 -2.0
Q  1  0.0 164.97271728515625 -2.0  13.789772033691406 164.97271728515625 -2.0  13.789772033691406 185.5943145751953 -2.0  0.0 185.5943145751953 -2.0
Q  1  0.0 185.5943145751953 -2.0  13.789772033691406 185.5943145751953 -2.0  13.789772033691406 206.21591186523438 -2.0  0.0 206.21591186523438 -2.0
Q  1  13.789772033691406 0.0 -2.0  27.579544067382812 0.0 -2.0  27.579544067382812 20.621591567993164 -2.0  13.789772033691406 20.621591567993164 -2.0
Q  1  13.789772033691406 20.621591567993164 -2.0  27.579544067382812 20.621591567993164 -2.0  27.579544067382812 41.24317932128906 -2.0  13.789772033691406 41.24317932128906 -2.0
Q  1  13.789772033691406 41.24317932128906 -2.0  27.579544067382812 41.24317932128906 -2.0  27.579544067382812 61.864768981933594 -2.0  13.789772033691406 61.864768981933594 -2.0
Q  1  13.789772033691406 61.864768981933594 -2.0  27.579544067382812 61.864768981933594 -2.0  27.579544067382812 82.48635864257812 -2.0  13.789772033691406 82.48635864257812 -2.0
Q  1  13.789772033691406 82.48635864257812 -2.0  27.579544067382812 82.48635864257812 -2.0  27.579544067382812 103.10794830322266 -2.0  13.789772033691406 103.10794830322266 -2.0
Q  1  13.789772033691406 103.10794830322266 -2.0  27.579544067382812 103.10794830322266 -2.0  27.579544067382812 123.72953796386719 -2.0  13.789772033691406 123.72953796386719 -2.0
Q  1  13.789772033691406 123.72953796386719 -2.0  27.579544067382812 123.72953796386719 -2.0  27.579544067382812 144.35113525390625 -2.0  13.789772033691406 144.35113525390625 -2.0
Q  1  13.789772033691406 144.35113525390625 -2.0  27.579544067382812 144.35113525390625 -2.0  27.579544067382812 164.97271728515625 -2.0  13.789772033691406 164.97271728515625 -2.0
Q  1  13.789772033691406 164.97271728515625 -2.0  27.579544067382812 164.97271728515625 -2.0  27.579544067382812 185.5943145751953 -2.0  13.789772033691406 185.5943145751953 -2.0
Q  1  13.789772033691406 185.5943145751953 -2.0  27.579544067382812 185.5943145751953 -2.0  27.579544067382812 206.21591186523438 -2.0  13.789772033691406 206.21591186523438 -2.0
Q  1  27.579544067382812 0.0 -2.0  41.36931610107422 0.0 -2.0  41.36931610107422 20.621591567993164 -2.0  27.579544067382812 20.621591567993164 -2.0
Q  1  27.579544067382812 20.621591567993164 -2.0  41.36931610107422 20.621591567993164 -2.0  41.36931610107422 41.24317932128906 -2.0  27.579544067382812 41.24317932128906 -2.0
Q  1  27.579544067382812 41.24317932128906 -2.0  41.36931610107422 41.24317932128906 -2.0  41.36931610107422 61.864768981933594 -2.0  27.579544067382812 61.864768981933594 -2.0
Q  1  27.579544067382812 61.864768981933594 -2.0  41.36931610107422 61.864768981933594 -2.0  41.36931610107422 82.48635864257812 -2.0  27.579544067382812 82.48635864257812 -2.0
Q  1  27.579544067382812 82.48635864257812 -2.0  41.36931610107422 82.48635864257812 -2.0  41.36931610107422 103.10794830322266 -2.0  27.579544067382812 103.10794830322266 -2.0
Q  1  27.579544067382812 103.10794830322266 -2.0  41.36931610107422 103.10794830322266 -2.0  41.36931610107422 123.72953796386719 -2.0  27.579544067382812 123.72953796386719 -2.0
Q  1  27.579544067382812 123.72953796386719 -2.0  41.36931610107422 123.72953796386719 -2.0  41.36931610107422 144.35113525390625 -2.0  27.579544067382812 144.35113525390625 -2.0
Q  1  27.579544067382812 144.35113525390625 -2.0  41.36931610107422 144.35113525390625 -2.0  41.36931610107422 164.97271728515625 -2.0  27.579544067382812 164.97271728515625 -2.0
Q  1  27.579544067382812 164.97271728515625 -2.0  41.36931610107422 164.97271728515625 -2.0  41.36931610107422 185.5943145751953 -2.0  27.579544067382812 185.5943145751953 -2.0
Q  1  27.579544067382812 185.5943145751953 -2.0  41.36931610107422 185.5943145751953 -2.0  41.36931610107422 206.21591186523438 -2.0  27.579544067382812 206.21591186523438 -2.0
Q  1  41.36931610107422 0.0 -2.0  55.159088134765625 0.0 -2.0  55.159088134765625 20.621591567993164 -2.0  41.36931610107422 20.621591567993164 -2.0
Q  1  41.36931610107422 20.621591567993164 -2.0  55.159088134765625 20.621591567993164 -2.0  55.159088134765625 41.24317932128906 -2.0  41.36931610107422 41.24317932128906 -2.0
Q  1  41.36931610107422 41.24317932128906 -2.0  55.159088134765625 41.24317932128906 -2.0  55.159088134765625 61.864768981933594 -2.0  41.36931610107422 61.864768981933594 -2.0
Q  1  41.36931610107422 61.864768981933594 -2.0  55.159088134765625 61.864768981933594 -2.0  55.159088134765625 82.48635864257812 -2.0  41.36931610107422 82.48635864257812 -2.0
Q  1  41.36931610107422 82.48635864257812 -2.0  55.159088134765625 82.48635864257812 -2.0  55.159088134765625 103.10794830322266 -2.0  41.36931610107422 103.10794830322266 -2.0
Q  1  41.36931610107422 103.10794830322266 -2.0  55.159088134765625 103.10794830322266 -2.0  55.159088134765625 123.72953796386719 -2.0  41.36931610107422 123.72953796386719 -2.0
Q  1  41.36931610107422 123.72953796386719 -2.0  55.159088134765625 123.72953796386719 -2.0  55.159088134765625 144.35113525390625 -2.0  41.36931610107422 144.35113525390625 -2.0
Q  1  41.36931610107422 144.35113525390625 -2.0  55.159088134765625 144.35113525390625 -2.0  55.159088134765625 164.97271728515625 -2.0  41.36931610107422 164.97271728515625 -2.0
Q  1  41.36931610107422 164.97271728515625 -2.0  55.159088134765625 164.97271728515625 -2.0  55.159088134765625 185.5943145751953 -2.0  41.36931610107422 185.5943145751953 -2.0
Q  1  41.36931610107422 185.5943145751953 -2.0  55.159088134765625 185.5943145751953 -2.0  55.159088134765625 206.21591186523438 -2.0  41.36931610107422 206.21591186523438 -2.0
Q  1  55.159088134765625 0.0 -2.0  68.94886016845703 0.0 -2.0  68.94886016845703 20.621591567993164 -2.0  55.159088134765625 20.621591567993164 -2.0
Q  1  55.159088134765625 20.621591567993164 -2.0  68.94886016845703 20.621591567993164 -2.0  68.94886016845703 41.24317932128906 -2.0  55.159088134765625 41.24317932128906 -2.0
Q  1  55.159088134765625 41.24317932128906 -2.0  68.94886016845703 41.24317932128906 -2.0  68.94886016845703 61.864768981933594 -2.0  55.159088134765625 61.864768981933594 -2.0
Q  1  55.159088134765625 61.864768981933594 -2.0  68.94886016845703 61.864768981933594 -2.0  68.94886016845703 82.48635864257812 -2.0  55.159088134765625 82.48635864257812 -2.0
Q  1  55.159088134765625 82.48635864257812 -2.0  68.94886016845703 82.48635864257812 -2.0  68.94886016845703 103.10794830322266 -2.0  55.159088134765625 103.10794830322266 -2.0
Q  1  55.159088134765625 103.10794830322266 -2.0  68.94886016845703 103.10794830322266 -2.0  68.94886016845703 123.72953796386719 -2.0  55.159088134765625 123.72953796386719 -2.0
Q  1  55.159088134765625 123.72953796386719 -2.0  68.94886016845703 123.72953796386719 -2.0  68.94886016845703 144.35113525390625 -2.0  55.159088134765625 144.35113525390625 -2.0
Q  1  55.159088134765625 144.35113525390625 -2.0  68.94886016845703 144.35113525390625 -2.0  68.94886016845703 164.97271728515625 -2.0  55.159088134765625 164.97271728515625 -2.0
Q  1  55.159088134765625 164.97271728515625 -2.0  68.94886016845703 164.97271728515625 -2.0  68.94886016845703 185.5943145751953 -2.0  55.159088134765625 185.5943145751953 -2.0
Q  1  55.159088134765625 185.5943145751953 -2.0  68.94886016845703 185.5943145751953 -2.0  68.94886016845703 206.21591186523438 -2.0  55.159088134765625 206.21591186523438 -2.0
Q  1  68.94886016845703 0.0 -2.0  82.73863220214844 0.0 -2.0  82.73863220214844 20.621591567993164 -2.0  68.94886016845703 20.621591567993164 -2.0
Q  1  68.94886016845703 20.621591567993164 -2.0  82.73863220214844 20.621591567993164 -2.0  82.73863220214844 41.24317932128906 -2.0  68.94886016845703 41.24317932128906 -2.0
Q  1  68.94886016845703 41.24317932128906 -2.0  82.73863220214844 41.24317932128906 -2.0  82.73863220214844 61.864768981933594 -2.0  68.94886016845703 61.864768981933594 -2.0
Q  1  68.94886016845703 61.864768981933594 -2.0  82.73863220214844 61.864768981933594 -2.0  82.73863220214844 82.48635864257812 -2.0  68.94886016845703 82.48635864257812 -2.0
Q  1  68.94886016845703 82.48635864257812 -2.0  82.73863220214844 82.48635864257812 -2.0  82.73863220214844 103.10794830322266 -2.0  68.94886016845703 103.10794830322266 -2.0
Q  1  68.94886016845703 103.10794830322266 -2.0  82.73863220214844 103.10794830322266 -2.0  82.73863220214844 123.72953796386719 -2.0  68.94886016845703 123.72953796386719 -2.0
Q  1  68.94886016845703 123.72953796386719 -2.0  82.73863220214844 123.72953796386719 -2.0  82.73863220214844 144.35113525390625 -2.0  68.94886016845703 144.35113525390625 -2.0
Q  1  68.94886016845703 144.35113525390625 -2.0  82.73863220214844 144.35113525390625 -2.0  82.73863220214844 164.97271728515625 -2.0  68.94886016845703 164.97271728515625 -2.0
Q  1  68.94886016845703 164.97271728515625 -2.0  82.73863220214844 164.97271728515625 -2.0  82.73863220214844 185.5943145751953 -2.0  68.94886016845703 185.5943145751953 -2.0
Q  1  68.94886016845703 185.5943145751953 -2.0  82.73863220214844 185.5943145751953 -2.0  82.73863220214844 206.21591186523438 -2.0  68.94886016845703 206.21591186523438 -2.0
Q  1  82.73863220214844 0.0 -2.0  96.52840423583984 0.0 -2.0  96.52840423583984 20.621591567993164 -2.0  82.73863220214844 20.621591567993164 -2.0
Q  1  82.73863220214844 20.621591567993164 -2.0  96.52840423583984 20.621591567993164 -2.0  96.52840423583984 41.24317932128906 -2.0  82.73863220214844 41.24317932128906 -2.0
Q  1  82.73863220214844 41.24317932128906 -2.0  96.52840423583984 41.24317932128906 -2.0  96.52840423583984 61.864768981933594 -2.0  82.73863220214844 61.864768981933594 -2.0
Q  1  82.73863220214844 61.864768981933594 -2.0  96.52840423583984 61.864768981933594 -2.0  96.52840423583984 82.48635864257812 -2.0  82.73863220214844 82.48635864257812 -2.0
Q  1  82.73863220214844 82.48635864257812 -2.0  96.52840423583984 82.48635864257812 -2.0  96.52840423583984 103.10794830322266 -2.0  82.73863220214844 103.10794830322266 -2.0
Q  1  82.73863220214844 103.10794830322266 -2.0  96.52840423583984 103.10794830322266 -2.0  96.52840423583984 123.72953796386719 -2.0  82.73863220214844 123.72953796386719 -2.0
Q  1  82.73863220214844 123.72953796386719 -2.0  96.52840423583984 123.72953796386719 -2.0  96.52840423583984 144.35113525390625 -2.0  82.73863220214844 144.35113525390625 -2.0
Q  1  82.73863220214844 144.35113525390625 -2.0  96.52840423583984 144.35113525390625 -2.0  96.52840423583984 164.97271728515625 -2.0  82.73863220214844 164.97271728515625 -2.0
Q  1  82.73863220214844 164.97271728515625 -2.0  96.52840423583984 164.97271728515625 -2.0  96.52840423583984 185.5943145751953 -2.0  82.73863220214844 185.5943145751953 -2.0
Q  1  82.73863220214844 185.5943145751953 -2.0  96.52840423583984 185.5943145751953 -2.0  96.52840423583984 206.21591186523438 -2.0  82.73863220214844 206.21591186523438 -2.0
Q  1  96.52840423583984 0.0 -2.0  110.31817626953125 0.0 -2.0  110.31817626953125 20.621591567993164 -2.0  96.52840423583984 20.621591567993164 -2.0
Q  1  96.52840423583984 20.621591567993164 -2.0  110.31817626953125 20.621591567993164 -2.0  110.31817626953125 41.24317932128906 -2.0  96.52840423583984 41.24317932128906 -2.0
Q  1  96.52840423583984 41.24317932128906 -2.0  110.31817626953125 41.24317932128906 -2.0  110.31817626953125 61.864768981933594 -2.0  96.52840423583984 61.864768981933594 -2.0
Q  1  96.52840423583984 61.864768981933594 -2.0  110.31817626953125 61.864768981933594 -2.0  110.31817626953125 82.48635864257812 -2.0  96.52840423583984 82.48635864257812 -2.0
Q  1  96.52840423583984 82.48635864257812 -2.0  110.31817626953125 82.48635864257812 -2.0  110.31817626953125 103.10794830322266 -2.0  96.52840423583984 103.10794830322266 -2.0
Q  1  96.52840423583984 103.10794830322266 -2.0  110.31817626953125 103.10794830322266 -2.0  110.31817626953125 123.72953796386719 -2.0  96.52840423583984 123.72953796386719 -2.0
Q  1  96.52840423583984 123.72953796386719 -2.0  110.31817626953125 123.72953796386719 -2.0  110.31817626953125 144.35113525390625 -2.0  96.52840423583984 144.35113525390625 -2.0
Q  1  96.52840423583984 144.35113525390625 -2.0  110.31817626953125 144.35113525390625 -2.0  110.31817626953125 164.97271728515625 -2.0  96.52840423583984 164.97271728515625 -2.0
Q  1  96.52840423583984 164.97271728515625 -2.0  110.31817626953125 164.97271728515625 -2.0  110.31817626953125 185.5943145751953 -2.0  96.52840423583984 185.5943145751953 -2.0
Q  1  96.52840423583984 185.5943145751953 -2.0  110.31817626953125 185.5943145751953 -2.0  110.31817626953125 206.21591186523438 -2.0  96.52840423583984 206.21591186523438 -2.0
Q  1  110.31817626953125 0.0 -2.0  124.10794830322266 0.0 -2.0  124.10794830322266 20.621591567993164 -2.0  110.31817626953125 20.621591567993164 -2.0
Q  1  110.31817626953125 20.621591567993164 -2.0  124.10794830322266 20.621591567993164 -2.0  124.10794830322266 41.24317932128906 -2.0  110.31817626953125 41.24317932128906 -2.0
Q  1  110.31817626953125 41.24317932128906 -2.0  124.10794830322266 41.24317932128906 -2.0  124.10794830322266 61.864768981933594 -2.0  110.31817626953125 61.864768981933594 -2.0
Q  1  110.31817626953125 61.864768981933594 -2.0  124.10794830322266 61.864768981933594 -2.0  124.10794830322266 82.48635864257812 -2.0  110.31817626953125 82.48635864257812 -2.0
Q  1  110.31817626953125 82.48635864257812 -2.0  124.10794830322266 82.48635864257812 -2.0  124.10794830322266 103.10794830322266 -2.0  110.31817626953125 103.10794830322266 -2.0
Q  1  110.31817626953125 103.10794830322266 -2.0  124.10794830322266 103.10794830322266 -2.0  124.10794830322266 123.72953796386719 -2.0  110.31817626953125 123.72953796386719 -2.0
Q  1  110.31817626953125 123.72953796386719 -2.0  124.10794830322266 123.72953796386719 -2.0  124.10794830322266 144.35113525390625 -2.0  110.31817626953125 144.35113525390625 -2.0
Q  1  110.31817626953125 144.35113525390625 -2.0  124.10794830322266 144.35113525390625 -2.0  124.10794830322266 164.97271728515625 -2.0  110.31817626953125 164.97271728515625 -2.0
Q  1  110.31817626953125 164.97271728515625 -2.0  124.10794830322266 164.97271728515625 -2.0  124.10794830322266 185.5943145751953 -2.0  110.31817626953125 185.5943145751953 -2.0
Q  1  110.31817626953125 185.5943145751953 -2.0  124.10794830322266 185.5943145751953 -2.0  124.10794830322266 206.21591186523438 -2.0  110.31817626953125 206.21591186523438 -2.0
Q  1  124.10794830322266 0.0 -2.0  137.89772033691406 0.0 -2.0  137.89772033691406 20.621591567993164 -2.0  124.10794830322266 20.621591567993164 -2.0
Q  1  124.10794830322266 20.621591567993164 -2.0  137.89772033691406 20.621591567993164 -2.0  137.89772033691406 41.24317932128906 -2.0  124.10794830322266 41.24317932128906 -2.0
Q  1  124.10794830322266 41.24317932128906 -2.0  137.89772033691406 41.24317932128906 -2.0  137.89772033691406 61.864768981933594 -2.0  124.10794830322266 61.864768981933594 -2.0
Q  1  124.10794830322266 61.864768981933594 -2.0  137.89772033691406 61.864768981933594 -2.0  137.89772033691406 82.48635864257812 -2.0  124.10794830322266 82.48635864257812 -2.0
Q  1  124.10794830322266 82.48635864257812 -2.0  137.89772033691406 82.48635864257812 -2.0  137.89772033691406 103.10794830322266 -2.0  124.10794830322266 103.10794830322266 -2.0
Q  1  124.10794830322266 103.10794830322266 -2.0  137.89772033691406 103.10794830322266 -2.0  137.89772033691406 123.72953796386719 -2.0  124.10794830322266 123.72953796386719 -2.0
Q  1  124.10794830322266 123.72953796386719 -2.0  137.89772033691406 123.72953796386719 -2.0  137.89772033691406 144.35113525390625 -2.0  124.10794830322266 144.35113525390625 -2.0
Q  1  124.10794830322266 144.35113525390625 -2.0  137.89772033691406 144.35113525390625 -2.0  137.89772033691406 164.97271728515625 -2.0  124.10794830322266 164.97271728515625 -2.0
Q  1  124.10794830322266 164.97271728515625 -2.0  137.89772033691406 164.97271728515625 -2.0  137.89772033691406 185.5943145751953 -2.0  124.10794830322266 185.5943145751953 -2.0
Q  1  124.10794830322266 185.5943145751953 -2.0  137.89772033691406 185.5943145751953 -2.0  137.89772033691406 206.21591186523438 -2.0  124.10794830322266 206.21591186523438 -2.0
Q  1  137.89772033691406 0.0 -2.0  151.6875 0.0 -2.0  151.6875 20.621591567993164 -2.0  137.89772033691406 20.621591567993164 -2.0
Q  1  137.89772033691406 20.621591567993164 -2.0  151.6875 20.621591567993164 -2.0  151.6875 41.24318313598633 -2.0  137.89772033691406 41.24317932128906 -2.0
Q  1  137.89772033691406 41.24317932128906 -2.0  151.6875 41.24318313598633 -2.0  151.6875 61.864776611328125 -2.0  137.89772033691406 61.864768981933594 -2.0
Q  1  137.89772033691406 61.864768981933594 -2.0  151.6875 61.864776611328125 -2.0  151.6875 82.48636627197266 -2.0  137.89772033691406 82.48635864257812 -2.0
Q  1  137.89772033691406 82.48635864257812 -2.0  151.6875 82.48636627197266 -2.0  151.6875 103.10795593261719 -2.0  137.89772033691406 103.10794830322266 -2.0
Q  1  137.89772033691406 103.10794830322266 -2.0  151.6875 103.10795593261719 -2.0  151.6875 123.72954559326172 -2.0  137.89772033691406 123.72953796386719 -2.0
Q  1  137.89772033691406 123.72953796386719 -2.0  151.6875 123.72954559326172 -2.0  151.6875 144.35113525390625 -2.0  137.89772033691406 144.35113525390625 -2.0
Q  1  137.89772033691406 144.35113525390625 -2.0  151.6875 144.35113525390625 -2.0  151.6875 164.97271728515625 -2.0  137.89772033691406 164.97271728515625 -2.0
Q  1  137.89772033691406 164.97271728515625 -2.0  151.6875 164.97271728515625 -2.0  151.6875 185.59429931640625 -2.0  137.89772033691406 185.5943145751953 -2.0
Q  1  137.89772033691406 185.5943145751953 -2.0  151.6875 185.59429931640625 -2.0  151.6875 206.2158966064453 -2.0  137.89772033691406 206.21591186523438 -2.0
N  1  Top