0  Dummy_Only_top_diel
Q  1  16.248748779296875 154.29376220703125 0.0  16.248748779296875 182.09375 0.0  16.518749237060547 182.09375 0.0  16.518749237060547 154.29376220703125 0.0
Q  1  22.248748779296875 154.29376220703125 0.0  22.248748779296875 182.09375 0.0  22.518749237060547 182.09375 0.0  22.518749237060547 154.29376220703125 0.0
Q  1  28.248748779296875 154.29376220703125 0.0  28.248748779296875 182.09375 0.0  28.518749237060547 182.09375 0.0  28.518749237060547 154.29376220703125 0.0
Q  1  34.248748779296875 154.29376220703125 0.0  34.248748779296875 182.09375 0.0  34.51874923706055 182.09375 0.0  34.51874923706055 154.29376220703125 0.0
Q  1  40.248748779296875 154.29376220703125 0.0  40.248748779296875 182.09375 0.0  40.51874923706055 182.09375 0.0  40.51874923706055 154.29376220703125 0.0
Q  1  46.248748779296875 154.29376220703125 0.0  46.248748779296875 182.09375 0.0  46.51874923706055 182.09375 0.0  46.51874923706055 154.29376220703125 0.0
Q  1  52.248748779296875 154.29376220703125 0.0  52.248748779296875 182.09375 0.0  52.51874923706055 182.09375 0.0  52.51874923706055 154.29376220703125 0.0
Q  1  58.248748779296875 154.29376220703125 0.0  58.248748779296875 182.09375 0.0  58.51874923706055 182.09375 0.0  58.51874923706055 154.29376220703125 0.0
Q  1  64.24874877929688 154.29376220703125 0.0  64.24874877929688 182.09375 0.0  64.51875305175781 182.09375 0.0  64.51875305175781 154.29376220703125 0.0
Q  1  70.24874877929688 154.29376220703125 0.0  70.24874877929688 182.09375 0.0  70.51875305175781 182.09375 0.0  70.51875305175781 154.29376220703125 0.0
Q  1  76.24874877929688 154.29376220703125 0.0  76.24874877929688 182.09375 0.0  76.51875305175781 182.09375 0.0  76.51875305175781 154.29376220703125 0.0
Q  1  82.24874877929688 154.29376220703125 0.0  82.24874877929688 182.09375 0.0  82.51875305175781 182.09375 0.0  82.51875305175781 154.29376220703125 0.0
Q  1  88.24874877929688 154.29376220703125 0.0  88.24874877929688 182.09375 0.0  88.51875305175781 182.09375 0.0  88.51875305175781 154.29376220703125 0.0
Q  1  94.24874877929688 154.29376220703125 0.0  94.24874877929688 182.09375 0.0  94.51875305175781 182.09375 0.0  94.51875305175781 154.29376220703125 0.0
Q  1  100.24874877929688 154.29376220703125 0.0  100.24874877929688 182.09375 0.0  100.51875305175781 182.09375 0.0  100.51875305175781 154.29376220703125 0.0
Q  1  106.24874877929688 154.29376220703125 0.0  106.24874877929688 182.09375 0.0  106.51875305175781 182.09375 0.0  106.51875305175781 154.29376220703125 0.0
Q  1  112.24874877929688 154.29376220703125 0.0  112.24874877929688 182.09375 0.0  112.51875305175781 182.09375 0.0  112.51875305175781 154.29376220703125 0.0
Q  1  118.24874877929688 154.29376220703125 0.0  118.24874877929688 182.09375 0.0  118.51875305175781 182.09375 0.0  118.51875305175781 154.29376220703125 0.0
Q  1  124.24874877929688 154.29376220703125 0.0  124.24874877929688 182.09375 0.0  124.51875305175781 182.09375 0.0  124.51875305175781 154.29376220703125 0.0
Q  1  130.24874877929688 154.29376220703125 0.0  130.24874877929688 182.09375 0.0  130.5187530517578 182.09375 0.0  130.5187530517578 154.2937469482422 0.0
Q  1  136.24874877929688 154.29376220703125 0.0  136.24874877929688 182.09375 0.0  136.5187530517578 182.09375 0.0  136.5187530517578 154.2937469482422 0.0
Q  1  112.24874877929688 39.011749267578125 0.0  112.24874877929688 43.09375 0.0  136.5187530517578 43.09375 0.0  136.5187530517578 39.011749267578125 0.0
Q  1  112.24874877929688 22.68375015258789 0.0  112.24874877929688 26.765750885009766 0.0  136.5187530517578 26.765748977661133 0.0  136.5187530517578 22.68375015258789 0.0
Q  1  112.24874877929688 26.765750885009766 0.0  112.24874877929688 30.847747802734375 0.0  136.5187530517578 30.847747802734375 0.0  136.5187530517578 26.765748977661133 0.0
Q  1  112.24874877929688 30.847747802734375 0.0  112.24874877929688 34.92974853515625 0.0  136.5187530517578 34.92974853515625 0.0  136.5187530517578 30.847747802734375 0.0
Q  1  112.24874877929688 34.92974853515625 0.0  112.24874877929688 39.011749267578125 0.0  136.5187530517578 39.011749267578125 0.0  136.5187530517578 34.92974853515625 0.0
Q  1  15.168749809265137 22.68375015258789 0.0  15.168749809265137 26.765750885009766 0.0  39.438751220703125 26.765750885009766 0.0  39.438751220703125 22.68375015258789 0.0
Q  1  39.438751220703125 22.68375015258789 0.0  39.438751220703125 26.765750885009766 0.0  63.7087516784668 26.765750885009766 0.0  63.7087516784668 22.68375015258789 0.0
Q  1  63.7087516784668 22.68375015258789 0.0  63.7087516784668 26.765750885009766 0.0  87.97875213623047 26.765750885009766 0.0  87.97875213623047 22.68375015258789 0.0
Q  1  87.97875213623047 22.68375015258789 0.0  87.97875213623047 26.765750885009766 0.0  112.24874877929688 26.765750885009766 0.0  112.24874877929688 22.68375015258789 0.0
Q  1  15.168749809265137 26.765750885009766 0.0  15.168749809265137 30.84775161743164 0.0  39.438751220703125 30.84775161743164 0.0  39.438751220703125 26.765750885009766 0.0
Q  1  39.438751220703125 26.765750885009766 0.0  39.438751220703125 30.84775161743164 0.0  63.7087516784668 30.84775161743164 0.0  63.7087516784668 26.765750885009766 0.0
Q  1  63.7087516784668 26.765750885009766 0.0  63.7087516784668 30.84775161743164 0.0  87.97875213623047 30.847749710083008 0.0  87.97875213623047 26.765750885009766 0.0
Q  1  87.97875213623047 26.765750885009766 0.0  87.97875213623047 30.847749710083008 0.0  112.24874877929688 30.847747802734375 0.0  112.24874877929688 26.765750885009766 0.0
Q  1  15.168749809265137 30.84775161743164 0.0  15.168749809265137 34.929752349853516 0.0  39.438751220703125 34.929752349853516 0.0  39.438751220703125 30.84775161743164 0.0
Q  1  39.438751220703125 30.84775161743164 0.0  39.438751220703125 34.929752349853516 0.0  63.7087516784668 34.929752349853516 0.0  63.7087516784668 30.84775161743164 0.0
Q  1  63.7087516784668 30.84775161743164 0.0  63.7087516784668 34.929752349853516 0.0  87.97875213623047 34.929752349853516 0.0  87.97875213623047 30.847749710083008 0.0
Q  1  87.97875213623047 30.847749710083008 0.0  87.97875213623047 34.929752349853516 0.0  112.24874877929688 34.92974853515625 0.0  112.24874877929688 30.847747802734375 0.0
Q  1  15.168749809265137 34.929752349853516 0.0  15.168749809265137 39.011749267578125 0.0  39.438751220703125 39.011749267578125 0.0  39.438751220703125 34.929752349853516 0.0
Q  1  39.438751220703125 34.929752349853516 0.0  39.438751220703125 39.011749267578125 0.0  63.7087516784668 39.011749267578125 0.0  63.7087516784668 34.929752349853516 0.0
Q  1  63.7087516784668 34.929752349853516 0.0  63.7087516784668 39.011749267578125 0.0  87.97875213623047 39.011749267578125 0.0  87.97875213623047 34.929752349853516 0.0
Q  1  87.97875213623047 34.929752349853516 0.0  87.97875213623047 39.011749267578125 0.0  112.24874877929688 39.011749267578125 0.0  112.24874877929688 34.92974853515625 0.0
Q  1  15.168749809265137 39.011749267578125 0.0  15.168749809265137 43.09375 0.0  39.438751220703125 43.09375 0.0  39.438751220703125 39.011749267578125 0.0
Q  1  39.438751220703125 39.011749267578125 0.0  39.438751220703125 43.09375 0.0  63.7087516784668 43.09375 0.0  63.7087516784668 39.011749267578125 0.0
Q  1  63.7087516784668 39.011749267578125 0.0  63.7087516784668 43.09375 0.0  87.97875213623047 43.09375 0.0  87.97875213623047 39.011749267578125 0.0
Q  1  87.97875213623047 39.011749267578125 0.0  87.97875213623047 43.09375 0.0  112.24874877929688 43.09375 0.0  112.24874877929688 39.011749267578125 0.0
Q  1  136.24874877929688 43.09375 0.0  136.24874877929688 70.89375305175781 0.0  136.5187530517578 70.89374542236328 0.0  136.5187530517578 43.09375 0.0
Q  1  136.24874877929688 70.89375305175781 0.0  136.24874877929688 98.69374084472656 0.0  136.5187530517578 98.69374084472656 0.0  136.5187530517578 70.89374542236328 0.0
Q  1  136.24874877929688 98.69374084472656 0.0  136.24874877929688 126.49374389648438 0.0  136.5187530517578 126.49374389648438 0.0  136.5187530517578 98.69374084472656 0.0
Q  1  136.24874877929688 126.49374389648438 0.0  136.24874877929688 154.29376220703125 0.0  136.5187530517578 154.2937469482422 0.0  136.5187530517578 126.49374389648438 0.0
Q  1  135.1687469482422 43.09375 0.0  135.1687469482422 70.89375305175781 0.0  135.43875122070312 70.89375305175781 0.0  135.43875122070312 43.09375 0.0
Q  1  135.43875122070312 43.09375 0.0  135.43875122070312 70.89375305175781 0.0  135.70875549316406 70.89375305175781 0.0  135.70875549316406 43.09375 0.0
Q  1  135.70875549316406 43.09375 0.0  135.70875549316406 70.89375305175781 0.0  135.978759765625 70.89375305175781 0.0  135.978759765625 43.09375 0.0
Q  1  135.978759765625 43.09375 0.0  135.978759765625 70.89375305175781 0.0  136.24874877929688 70.89375305175781 0.0  136.24874877929688 43.09375 0.0
Q  1  135.1687469482422 70.89375305175781 0.0  135.1687469482422 98.69375610351562 0.0  135.43875122070312 98.69375610351562 0.0  135.43875122070312 70.89375305175781 0.0
Q  1  135.43875122070312 70.89375305175781 0.0  135.43875122070312 98.69375610351562 0.0  135.70875549316406 98.69375610351562 0.0  135.70875549316406 70.89375305175781 0.0
Q  1  135.70875549316406 70.89375305175781 0.0  135.70875549316406 98.69375610351562 0.0  135.978759765625 98.6937484741211 0.0  135.978759765625 70.89375305175781 0.0
Q  1  135.978759765625 70.89375305175781 0.0  135.978759765625 98.6937484741211 0.0  136.24874877929688 98.69374084472656 0.0  136.24874877929688 70.89375305175781 0.0
Q  1  135.1687469482422 98.69375610351562 0.0  135.1687469482422 126.49375915527344 0.0  135.43875122070312 126.49375915527344 0.0  135.43875122070312 98.69375610351562 0.0
Q  1  135.43875122070312 98.69375610351562 0.0  135.43875122070312 126.49375915527344 0.0  135.70875549316406 126.49375915527344 0.0  135.70875549316406 98.69375610351562 0.0
Q  1  135.70875549316406 98.69375610351562 0.0  135.70875549316406 126.49375915527344 0.0  135.978759765625 126.4937515258789 0.0  135.978759765625 98.6937484741211 0.0
Q  1  135.978759765625 98.6937484741211 0.0  135.978759765625 126.4937515258789 0.0  136.24874877929688 126.49374389648438 0.0  136.24874877929688 98.69374084472656 0.0
Q  1  135.1687469482422 126.49375915527344 0.0  135.1687469482422 154.29376220703125 0.0  135.43875122070312 154.29376220703125 0.0  135.43875122070312 126.49375915527344 0.0
Q  1  135.43875122070312 126.49375915527344 0.0  135.43875122070312 154.29376220703125 0.0  135.70875549316406 154.29376220703125 0.0  135.70875549316406 126.49375915527344 0.0
Q  1  135.70875549316406 126.49375915527344 0.0  135.70875549316406 154.29376220703125 0.0  135.978759765625 154.29376220703125 0.0  135.978759765625 126.4937515258789 0.0
Q  1  135.978759765625 126.4937515258789 0.0  135.978759765625 154.29376220703125 0.0  136.24874877929688 154.29376220703125 0.0  136.24874877929688 126.49374389648438 0.0
Q  1  135.1687469482422 154.29376220703125 0.0  135.1687469482422 182.09375 0.0  135.43875122070312 182.09375 0.0  135.43875122070312 154.29376220703125 0.0
Q  1  135.43875122070312 154.29376220703125 0.0  135.43875122070312 182.09375 0.0  135.70875549316406 182.09375 0.0  135.70875549316406 154.29376220703125 0.0
Q  1  135.70875549316406 154.29376220703125 0.0  135.70875549316406 182.09375 0.0  135.978759765625 182.09375 0.0  135.978759765625 154.29376220703125 0.0
Q  1  135.978759765625 154.29376220703125 0.0  135.978759765625 182.09375 0.0  136.24874877929688 182.09375 0.0  136.24874877929688 154.29376220703125 0.0
Q  1  130.24874877929688 43.09375 0.0  130.24874877929688 70.89375305175781 0.0  130.5187530517578 70.89374542236328 0.0  130.5187530517578 43.09375 0.0
Q  1  130.24874877929688 70.89375305175781 0.0  130.24874877929688 98.69374084472656 0.0  130.5187530517578 98.69374084472656 0.0  130.5187530517578 70.89374542236328 0.0
Q  1  130.24874877929688 98.69374084472656 0.0  130.24874877929688 126.49374389648438 0.0  130.5187530517578 126.49374389648438 0.0  130.5187530517578 98.69374084472656 0.0
Q  1  130.24874877929688 126.49374389648438 0.0  130.24874877929688 154.29376220703125 0.0  130.5187530517578 154.2937469482422 0.0  130.5187530517578 126.49374389648438 0.0
Q  1  129.1687469482422 43.09375 0.0  129.1687469482422 70.89375305175781 0.0  129.43875122070312 70.89375305175781 0.0  129.43875122070312 43.09375 0.0
Q  1  129.43875122070312 43.09375 0.0  129.43875122070312 70.89375305175781 0.0  129.70875549316406 70.89375305175781 0.0  129.70875549316406 43.09375 0.0
Q  1  129.70875549316406 43.09375 0.0  129.70875549316406 70.89375305175781 0.0  129.978759765625 70.89375305175781 0.0  129.978759765625 43.09375 0.0
Q  1  129.978759765625 43.09375 0.0  129.978759765625 70.89375305175781 0.0  130.24874877929688 70.89375305175781 0.0  130.24874877929688 43.09375 0.0
Q  1  129.1687469482422 70.89375305175781 0.0  129.1687469482422 98.69375610351562 0.0  129.43875122070312 98.69375610351562 0.0  129.43875122070312 70.89375305175781 0.0
Q  1  129.43875122070312 70.89375305175781 0.0  129.43875122070312 98.69375610351562 0.0  129.70875549316406 98.69375610351562 0.0  129.70875549316406 70.89375305175781 0.0
Q  1  129.70875549316406 70.89375305175781 0.0  129.70875549316406 98.69375610351562 0.0  129.978759765625 98.6937484741211 0.0  129.978759765625 70.89375305175781 0.0
Q  1  129.978759765625 70.89375305175781 0.0  129.978759765625 98.6937484741211 0.0  130.24874877929688 98.69374084472656 0.0  130.24874877929688 70.89375305175781 0.0
Q  1  129.1687469482422 98.69375610351562 0.0  129.1687469482422 126.49375915527344 0.0  129.43875122070312 126.49375915527344 0.0  129.43875122070312 98.69375610351562 0.0
Q  1  129.43875122070312 98.69375610351562 0.0  129.43875122070312 126.49375915527344 0.0  129.70875549316406 126.49375915527344 0.0  129.70875549316406 98.69375610351562 0.0
Q  1  129.70875549316406 98.69375610351562 0.0  129.70875549316406 126.49375915527344 0.0  129.978759765625 126.4937515258789 0.0  129.978759765625 98.6937484741211 0.0
Q  1  129.978759765625 98.6937484741211 0.0  129.978759765625 126.4937515258789 0.0  130.24874877929688 126.49374389648438 0.0  130.24874877929688 98.69374084472656 0.0
Q  1  129.1687469482422 126.49375915527344 0.0  129.1687469482422 154.29376220703125 0.0  129.43875122070312 154.29376220703125 0.0  129.43875122070312 126.49375915527344 0.0
Q  1  129.43875122070312 126.49375915527344 0.0  129.43875122070312 154.29376220703125 0.0  129.70875549316406 154.29376220703125 0.0  129.70875549316406 126.49375915527344 0.0
Q  1  129.70875549316406 126.49375915527344 0.0  129.70875549316406 154.29376220703125 0.0  129.978759765625 154.29376220703125 0.0  129.978759765625 126.4937515258789 0.0
Q  1  129.978759765625 126.4937515258789 0.0  129.978759765625 154.29376220703125 0.0  130.24874877929688 154.29376220703125 0.0  130.24874877929688 126.49374389648438 0.0
Q  1  129.1687469482422 154.29376220703125 0.0  129.1687469482422 182.09375 0.0  129.43875122070312 182.09375 0.0  129.43875122070312 154.29376220703125 0.0
Q  1  129.43875122070312 154.29376220703125 0.0  129.43875122070312 182.09375 0.0  129.70875549316406 182.09375 0.0  129.70875549316406 154.29376220703125 0.0
Q  1  129.70875549316406 154.29376220703125 0.0  129.70875549316406 182.09375 0.0  129.978759765625 182.09375 0.0  129.978759765625 154.29376220703125 0.0
Q  1  129.978759765625 154.29376220703125 0.0  129.978759765625 182.09375 0.0  130.24874877929688 182.09375 0.0  130.24874877929688 154.29376220703125 0.0
Q  1  124.24874877929688 43.09375 0.0  124.24874877929688 70.89375305175781 0.0  124.51875305175781 70.89375305175781 0.0  124.51875305175781 43.09375 0.0
Q  1  124.24874877929688 70.89375305175781 0.0  124.24874877929688 98.69375610351562 0.0  124.51875305175781 98.69375610351562 0.0  124.51875305175781 70.89375305175781 0.0
Q  1  124.24874877929688 98.69375610351562 0.0  124.24874877929688 126.49375915527344 0.0  124.51875305175781 126.49375915527344 0.0  124.51875305175781 98.69375610351562 0.0
Q  1  124.24874877929688 126.49375915527344 0.0  124.24874877929688 154.29376220703125 0.0  124.51875305175781 154.29376220703125 0.0  124.51875305175781 126.49375915527344 0.0
Q  1  123.16874694824219 43.09375 0.0  123.16874694824219 70.89375305175781 0.0  123.43875122070312 70.89375305175781 0.0  123.43875122070312 43.09375 0.0
Q  1  123.43875122070312 43.09375 0.0  123.43875122070312 70.89375305175781 0.0  123.70875549316406 70.89375305175781 0.0  123.70875549316406 43.09375 0.0
Q  1  123.70875549316406 43.09375 0.0  123.70875549316406 70.89375305175781 0.0  123.97875213623047 70.89375305175781 0.0  123.97875213623047 43.09375 0.0
Q  1  123.97875213623047 43.09375 0.0  123.97875213623047 70.89375305175781 0.0  124.24874877929688 70.89375305175781 0.0  124.24874877929688 43.09375 0.0
Q  1  123.16874694824219 70.89375305175781 0.0  123.16874694824219 98.69375610351562 0.0  123.43875122070312 98.69375610351562 0.0  123.43875122070312 70.89375305175781 0.0
Q  1  123.43875122070312 70.89375305175781 0.0  123.43875122070312 98.69375610351562 0.0  123.70875549316406 98.69375610351562 0.0  123.70875549316406 70.89375305175781 0.0
Q  1  123.70875549316406 70.89375305175781 0.0  123.70875549316406 98.69375610351562 0.0  123.97875213623047 98.69375610351562 0.0  123.97875213623047 70.89375305175781 0.0
Q  1  123.97875213623047 70.89375305175781 0.0  123.97875213623047 98.69375610351562 0.0  124.24874877929688 98.69375610351562 0.0  124.24874877929688 70.89375305175781 0.0
Q  1  123.16874694824219 98.69375610351562 0.0  123.16874694824219 126.49375915527344 0.0  123.43875122070312 126.49375915527344 0.0  123.43875122070312 98.69375610351562 0.0
Q  1  123.43875122070312 98.69375610351562 0.0  123.43875122070312 126.49375915527344 0.0  123.70875549316406 126.49375915527344 0.0  123.70875549316406 98.69375610351562 0.0
Q  1  123.70875549316406 98.69375610351562 0.0  123.70875549316406 126.49375915527344 0.0  123.97875213623047 126.49375915527344 0.0  123.97875213623047 98.69375610351562 0.0
Q  1  123.97875213623047 98.69375610351562 0.0  123.97875213623047 126.49375915527344 0.0  124.24874877929688 126.49375915527344 0.0  124.24874877929688 98.69375610351562 0.0
Q  1  123.16874694824219 126.49375915527344 0.0  123.16874694824219 154.29376220703125 0.0  123.43875122070312 154.29376220703125 0.0  123.43875122070312 126.49375915527344 0.0
Q  1  123.43875122070312 126.49375915527344 0.0  123.43875122070312 154.29376220703125 0.0  123.70875549316406 154.29376220703125 0.0  123.70875549316406 126.49375915527344 0.0
Q  1  123.70875549316406 126.49375915527344 0.0  123.70875549316406 154.29376220703125 0.0  123.97875213623047 154.29376220703125 0.0  123.97875213623047 126.49375915527344 0.0
Q  1  123.97875213623047 126.49375915527344 0.0  123.97875213623047 154.29376220703125 0.0  124.24874877929688 154.29376220703125 0.0  124.24874877929688 126.49375915527344 0.0
Q  1  123.16874694824219 154.29376220703125 0.0  123.16874694824219 182.09375 0.0  123.43875122070312 182.09375 0.0  123.43875122070312 154.29376220703125 0.0
Q  1  123.43875122070312 154.29376220703125 0.0  123.43875122070312 182.09375 0.0  123.70875549316406 182.09375 0.0  123.70875549316406 154.29376220703125 0.0
Q  1  123.70875549316406 154.29376220703125 0.0  123.70875549316406 182.09375 0.0  123.97875213623047 182.09375 0.0  123.97875213623047 154.29376220703125 0.0
Q  1  123.97875213623047 154.29376220703125 0.0  123.97875213623047 182.09375 0.0  124.24874877929688 182.09375 0.0  124.24874877929688 154.29376220703125 0.0
Q  1  118.24874877929688 43.09375 0.0  118.24874877929688 70.89375305175781 0.0  118.51875305175781 70.89375305175781 0.0  118.51875305175781 43.09375 0.0
Q  1  118.24874877929688 70.89375305175781 0.0  118.24874877929688 98.69375610351562 0.0  118.51875305175781 98.69375610351562 0.0  118.51875305175781 70.89375305175781 0.0
Q  1  118.24874877929688 98.69375610351562 0.0  118.24874877929688 126.49375915527344 0.0  118.51875305175781 126.49375915527344 0.0  118.51875305175781 98.69375610351562 0.0
Q  1  118.24874877929688 126.49375915527344 0.0  118.24874877929688 154.29376220703125 0.0  118.51875305175781 154.29376220703125 0.0  118.51875305175781 126.49375915527344 0.0
Q  1  117.16874694824219 43.09375 0.0  117.16874694824219 70.89375305175781 0.0  117.43875122070312 70.89375305175781 0.0  117.43875122070312 43.09375 0.0
Q  1  117.43875122070312 43.09375 0.0  117.43875122070312 70.89375305175781 0.0  117.70875549316406 70.89375305175781 0.0  117.70875549316406 43.09375 0.0
Q  1  117.70875549316406 43.09375 0.0  117.70875549316406 70.89375305175781 0.0  117.97875213623047 70.89375305175781 0.0  117.97875213623047 43.09375 0.0
Q  1  117.97875213623047 43.09375 0.0  117.97875213623047 70.89375305175781 0.0  118.24874877929688 70.89375305175781 0.0  118.24874877929688 43.09375 0.0
Q  1  117.16874694824219 70.89375305175781 0.0  117.16874694824219 98.69375610351562 0.0  117.43875122070312 98.69375610351562 0.0  117.43875122070312 70.89375305175781 0.0
Q  1  117.43875122070312 70.89375305175781 0.0  117.43875122070312 98.69375610351562 0.0  117.70875549316406 98.69375610351562 0.0  117.70875549316406 70.89375305175781 0.0
Q  1  117.70875549316406 70.89375305175781 0.0  117.70875549316406 98.69375610351562 0.0  117.97875213623047 98.69375610351562 0.0  117.97875213623047 70.89375305175781 0.0
Q  1  117.97875213623047 70.89375305175781 0.0  117.97875213623047 98.69375610351562 0.0  118.24874877929688 98.69375610351562 0.0  118.24874877929688 70.89375305175781 0.0
Q  1  117.16874694824219 98.69375610351562 0.0  117.16874694824219 126.49375915527344 0.0  117.43875122070312 126.49375915527344 0.0  117.43875122070312 98.69375610351562 0.0
Q  1  117.43875122070312 98.69375610351562 0.0  117.43875122070312 126.49375915527344 0.0  117.70875549316406 126.49375915527344 0.0  117.70875549316406 98.69375610351562 0.0
Q  1  117.70875549316406 98.69375610351562 0.0  117.70875549316406 126.49375915527344 0.0  117.97875213623047 126.49375915527344 0.0  117.97875213623047 98.69375610351562 0.0
Q  1  117.97875213623047 98.69375610351562 0.0  117.97875213623047 126.49375915527344 0.0  118.24874877929688 126.49375915527344 0.0  118.24874877929688 98.69375610351562 0.0
Q  1  117.16874694824219 126.49375915527344 0.0  117.16874694824219 154.29376220703125 0.0  117.43875122070312 154.29376220703125 0.0  117.43875122070312 126.49375915527344 0.0
Q  1  117.43875122070312 126.49375915527344 0.0  117.43875122070312 154.29376220703125 0.0  117.70875549316406 154.29376220703125 0.0  117.70875549316406 126.49375915527344 0.0
Q  1  117.70875549316406 126.49375915527344 0.0  117.70875549316406 154.29376220703125 0.0  117.97875213623047 154.29376220703125 0.0  117.97875213623047 126.49375915527344 0.0
Q  1  117.97875213623047 126.49375915527344 0.0  117.97875213623047 154.29376220703125 0.0  118.24874877929688 154.29376220703125 0.0  118.24874877929688 126.49375915527344 0.0
Q  1  117.16874694824219 154.29376220703125 0.0  117.16874694824219 182.09375 0.0  117.43875122070312 182.09375 0.0  117.43875122070312 154.29376220703125 0.0
Q  1  117.43875122070312 154.29376220703125 0.0  117.43875122070312 182.09375 0.0  117.70875549316406 182.09375 0.0  117.70875549316406 154.29376220703125 0.0
Q  1  117.70875549316406 154.29376220703125 0.0  117.70875549316406 182.09375 0.0  117.97875213623047 182.09375 0.0  117.97875213623047 154.29376220703125 0.0
Q  1  117.97875213623047 154.29376220703125 0.0  117.97875213623047 182.09375 0.0  118.24874877929688 182.09375 0.0  118.24874877929688 154.29376220703125 0.0
Q  1  112.24874877929688 43.09375 0.0  112.24874877929688 70.89375305175781 0.0  112.51875305175781 70.89375305175781 0.0  112.51875305175781 43.09375 0.0
Q  1  112.24874877929688 70.89375305175781 0.0  112.24874877929688 98.69375610351562 0.0  112.51875305175781 98.69375610351562 0.0  112.51875305175781 70.89375305175781 0.0
Q  1  112.24874877929688 98.69375610351562 0.0  112.24874877929688 126.49375915527344 0.0  112.51875305175781 126.49375915527344 0.0  112.51875305175781 98.69375610351562 0.0
Q  1  112.24874877929688 126.49375915527344 0.0  112.24874877929688 154.29376220703125 0.0  112.51875305175781 154.29376220703125 0.0  112.51875305175781 126.49375915527344 0.0
Q  1  111.16874694824219 43.09375 0.0  111.16874694824219 70.89375305175781 0.0  111.43875122070312 70.89375305175781 0.0  111.43875122070312 43.09375 0.0
Q  1  111.43875122070312 43.09375 0.0  111.43875122070312 70.89375305175781 0.0  111.70875549316406 70.89375305175781 0.0  111.70875549316406 43.09375 0.0
Q  1  111.70875549316406 43.09375 0.0  111.70875549316406 70.89375305175781 0.0  111.97875213623047 70.89375305175781 0.0  111.97875213623047 43.09375 0.0
Q  1  111.97875213623047 43.09375 0.0  111.97875213623047 70.89375305175781 0.0  112.24874877929688 70.89375305175781 0.0  112.24874877929688 43.09375 0.0
Q  1  111.16874694824219 70.89375305175781 0.0  111.16874694824219 98.69375610351562 0.0  111.43875122070312 98.69375610351562 0.0  111.43875122070312 70.89375305175781 0.0
Q  1  111.43875122070312 70.89375305175781 0.0  111.43875122070312 98.69375610351562 0.0  111.70875549316406 98.69375610351562 0.0  111.70875549316406 70.89375305175781 0.0
Q  1  111.70875549316406 70.89375305175781 0.0  111.70875549316406 98.69375610351562 0.0  111.97875213623047 98.69375610351562 0.0  111.97875213623047 70.89375305175781 0.0
Q  1  111.97875213623047 70.89375305175781 0.0  111.97875213623047 98.69375610351562 0.0  112.24874877929688 98.69375610351562 0.0  112.24874877929688 70.89375305175781 0.0
Q  1  111.16874694824219 98.69375610351562 0.0  111.16874694824219 126.49375915527344 0.0  111.43875122070312 126.49375915527344 0.0  111.43875122070312 98.69375610351562 0.0
Q  1  111.43875122070312 98.69375610351562 0.0  111.43875122070312 126.49375915527344 0.0  111.70875549316406 126.49375915527344 0.0  111.70875549316406 98.69375610351562 0.0
Q  1  111.70875549316406 98.69375610351562 0.0  111.70875549316406 126.49375915527344 0.0  111.97875213623047 126.49375915527344 0.0  111.97875213623047 98.69375610351562 0.0
Q  1  111.97875213623047 98.69375610351562 0.0  111.97875213623047 126.49375915527344 0.0  112.24874877929688 126.49375915527344 0.0  112.24874877929688 98.69375610351562 0.0
Q  1  111.16874694824219 126.49375915527344 0.0  111.16874694824219 154.29376220703125 0.0  111.43875122070312 154.29376220703125 0.0  111.43875122070312 126.49375915527344 0.0
Q  1  111.43875122070312 126.49375915527344 0.0  111.43875122070312 154.29376220703125 0.0  111.70875549316406 154.29376220703125 0.0  111.70875549316406 126.49375915527344 0.0
Q  1  111.70875549316406 126.49375915527344 0.0  111.70875549316406 154.29376220703125 0.0  111.97875213623047 154.29376220703125 0.0  111.97875213623047 126.49375915527344 0.0
Q  1  111.97875213623047 126.49375915527344 0.0  111.97875213623047 154.29376220703125 0.0  112.24874877929688 154.29376220703125 0.0  112.24874877929688 126.49375915527344 0.0
Q  1  111.16874694824219 154.29376220703125 0.0  111.16874694824219 182.09375 0.0  111.43875122070312 182.09375 0.0  111.43875122070312 154.29376220703125 0.0
Q  1  111.43875122070312 154.29376220703125 0.0  111.43875122070312 182.09375 0.0  111.70875549316406 182.09375 0.0  111.70875549316406 154.29376220703125 0.0
Q  1  111.70875549316406 154.29376220703125 0.0  111.70875549316406 182.09375 0.0  111.97875213623047 182.09375 0.0  111.97875213623047 154.29376220703125 0.0
Q  1  111.97875213623047 154.29376220703125 0.0  111.97875213623047 182.09375 0.0  112.24874877929688 182.09375 0.0  112.24874877929688 154.29376220703125 0.0
Q  1  106.24874877929688 43.09375 0.0  106.24874877929688 70.89375305175781 0.0  106.51875305175781 70.89375305175781 0.0  106.51875305175781 43.09375 0.0
Q  1  106.24874877929688 70.89375305175781 0.0  106.24874877929688 98.69375610351562 0.0  106.51875305175781 98.69375610351562 0.0  106.51875305175781 70.89375305175781 0.0
Q  1  106.24874877929688 98.69375610351562 0.0  106.24874877929688 126.49375915527344 0.0  106.51875305175781 126.49375915527344 0.0  106.51875305175781 98.69375610351562 0.0
Q  1  106.24874877929688 126.49375915527344 0.0  106.24874877929688 154.29376220703125 0.0  106.51875305175781 154.29376220703125 0.0  106.51875305175781 126.49375915527344 0.0
Q  1  105.16874694824219 43.09375 0.0  105.16874694824219 70.89375305175781 0.0  105.43875122070312 70.89375305175781 0.0  105.43875122070312 43.09375 0.0
Q  1  105.43875122070312 43.09375 0.0  105.43875122070312 70.89375305175781 0.0  105.70875549316406 70.89375305175781 0.0  105.70875549316406 43.09375 0.0
Q  1  105.70875549316406 43.09375 0.0  105.70875549316406 70.89375305175781 0.0  105.97875213623047 70.89375305175781 0.0  105.97875213623047 43.09375 0.0
Q  1  105.97875213623047 43.09375 0.0  105.97875213623047 70.89375305175781 0.0  106.24874877929688 70.89375305175781 0.0  106.24874877929688 43.09375 0.0
Q  1  105.16874694824219 70.89375305175781 0.0  105.16874694824219 98.69375610351562 0.0  105.43875122070312 98.69375610351562 0.0  105.43875122070312 70.89375305175781 0.0
Q  1  105.43875122070312 70.89375305175781 0.0  105.43875122070312 98.69375610351562 0.0  105.70875549316406 98.69375610351562 0.0  105.70875549316406 70.89375305175781 0.0
Q  1  105.70875549316406 70.89375305175781 0.0  105.70875549316406 98.69375610351562 0.0  105.97875213623047 98.69375610351562 0.0  105.97875213623047 70.89375305175781 0.0
Q  1  105.97875213623047 70.89375305175781 0.0  105.97875213623047 98.69375610351562 0.0  106.24874877929688 98.69375610351562 0.0  106.24874877929688 70.89375305175781 0.0
Q  1  105.16874694824219 98.69375610351562 0.0  105.16874694824219 126.49375915527344 0.0  105.43875122070312 126.49375915527344 0.0  105.43875122070312 98.69375610351562 0.0
Q  1  105.43875122070312 98.69375610351562 0.0  105.43875122070312 126.49375915527344 0.0  105.70875549316406 126.49375915527344 0.0  105.70875549316406 98.69375610351562 0.0
Q  1  105.70875549316406 98.69375610351562 0.0  105.70875549316406 126.49375915527344 0.0  105.97875213623047 126.49375915527344 0.0  105.97875213623047 98.69375610351562 0.0
Q  1  105.97875213623047 98.69375610351562 0.0  105.97875213623047 126.49375915527344 0.0  106.24874877929688 126.49375915527344 0.0  106.24874877929688 98.69375610351562 0.0
Q  1  105.16874694824219 126.49375915527344 0.0  105.16874694824219 154.29376220703125 0.0  105.43875122070312 154.29376220703125 0.0  105.43875122070312 126.49375915527344 0.0
Q  1  105.43875122070312 126.49375915527344 0.0  105.43875122070312 154.29376220703125 0.0  105.70875549316406 154.29376220703125 0.0  105.70875549316406 126.49375915527344 0.0
Q  1  105.70875549316406 126.49375915527344 0.0  105.70875549316406 154.29376220703125 0.0  105.97875213623047 154.29376220703125 0.0  105.97875213623047 126.49375915527344 0.0
Q  1  105.97875213623047 126.49375915527344 0.0  105.97875213623047 154.29376220703125 0.0  106.24874877929688 154.29376220703125 0.0  106.24874877929688 126.49375915527344 0.0
Q  1  105.16874694824219 154.29376220703125 0.0  105.16874694824219 182.09375 0.0  105.43875122070312 182.09375 0.0  105.43875122070312 154.29376220703125 0.0
Q  1  105.43875122070312 154.29376220703125 0.0  105.43875122070312 182.09375 0.0  105.70875549316406 182.09375 0.0  105.70875549316406 154.29376220703125 0.0
Q  1  105.70875549316406 154.29376220703125 0.0  105.70875549316406 182.09375 0.0  105.97875213623047 182.09375 0.0  105.97875213623047 154.29376220703125 0.0
Q  1  105.97875213623047 154.29376220703125 0.0  105.97875213623047 182.09375 0.0  106.24874877929688 182.09375 0.0  106.24874877929688 154.29376220703125 0.0
Q  1  100.24874877929688 43.09375 0.0  100.24874877929688 70.89375305175781 0.0  100.51875305175781 70.89375305175781 0.0  100.51875305175781 43.09375 0.0
Q  1  100.24874877929688 70.89375305175781 0.0  100.24874877929688 98.69375610351562 0.0  100.51875305175781 98.69375610351562 0.0  100.51875305175781 70.89375305175781 0.0
Q  1  100.24874877929688 98.69375610351562 0.0  100.24874877929688 126.49375915527344 0.0  100.51875305175781 126.49375915527344 0.0  100.51875305175781 98.69375610351562 0.0
Q  1  100.24874877929688 126.49375915527344 0.0  100.24874877929688 154.29376220703125 0.0  100.51875305175781 154.29376220703125 0.0  100.51875305175781 126.49375915527344 0.0
Q  1  99.16874694824219 43.09375 0.0  99.16874694824219 70.89375305175781 0.0  99.43875122070312 70.89375305175781 0.0  99.43875122070312 43.09375 0.0
Q  1  99.43875122070312 43.09375 0.0  99.43875122070312 70.89375305175781 0.0  99.70875549316406 70.89375305175781 0.0  99.70875549316406 43.09375 0.0
Q  1  99.70875549316406 43.09375 0.0  99.70875549316406 70.89375305175781 0.0  99.97875213623047 70.89375305175781 0.0  99.97875213623047 43.09375 0.0
Q  1  99.97875213623047 43.09375 0.0  99.97875213623047 70.89375305175781 0.0  100.24874877929688 70.89375305175781 0.0  100.24874877929688 43.09375 0.0
Q  1  99.16874694824219 70.89375305175781 0.0  99.16874694824219 98.69375610351562 0.0  99.43875122070312 98.69375610351562 0.0  99.43875122070312 70.89375305175781 0.0
Q  1  99.43875122070312 70.89375305175781 0.0  99.43875122070312 98.69375610351562 0.0  99.70875549316406 98.69375610351562 0.0  99.70875549316406 70.89375305175781 0.0
Q  1  99.70875549316406 70.89375305175781 0.0  99.70875549316406 98.69375610351562 0.0  99.97875213623047 98.69375610351562 0.0  99.97875213623047 70.89375305175781 0.0
Q  1  99.97875213623047 70.89375305175781 0.0  99.97875213623047 98.69375610351562 0.0  100.24874877929688 98.69375610351562 0.0  100.24874877929688 70.89375305175781 0.0
Q  1  99.16874694824219 98.69375610351562 0.0  99.16874694824219 126.49375915527344 0.0  99.43875122070312 126.49375915527344 0.0  99.43875122070312 98.69375610351562 0.0
Q  1  99.43875122070312 98.69375610351562 0.0  99.43875122070312 126.49375915527344 0.0  99.70875549316406 126.49375915527344 0.0  99.70875549316406 98.69375610351562 0.0
Q  1  99.70875549316406 98.69375610351562 0.0  99.70875549316406 126.49375915527344 0.0  99.97875213623047 126.49375915527344 0.0  99.97875213623047 98.69375610351562 0.0
Q  1  99.97875213623047 98.69375610351562 0.0  99.97875213623047 126.49375915527344 0.0  100.24874877929688 126.49375915527344 0.0  100.24874877929688 98.69375610351562 0.0
Q  1  99.16874694824219 126.49375915527344 0.0  99.16874694824219 154.29376220703125 0.0  99.43875122070312 154.29376220703125 0.0  99.43875122070312 126.49375915527344 0.0
Q  1  99.43875122070312 126.49375915527344 0.0  99.43875122070312 154.29376220703125 0.0  99.70875549316406 154.29376220703125 0.0  99.70875549316406 126.49375915527344 0.0
Q  1  99.70875549316406 126.49375915527344 0.0  99.70875549316406 154.29376220703125 0.0  99.97875213623047 154.29376220703125 0.0  99.97875213623047 126.49375915527344 0.0
Q  1  99.97875213623047 126.49375915527344 0.0  99.97875213623047 154.29376220703125 0.0  100.24874877929688 154.29376220703125 0.0  100.24874877929688 126.49375915527344 0.0
Q  1  99.16874694824219 154.29376220703125 0.0  99.16874694824219 182.09375 0.0  99.43875122070312 182.09375 0.0  99.43875122070312 154.29376220703125 0.0
Q  1  99.43875122070312 154.29376220703125 0.0  99.43875122070312 182.09375 0.0  99.70875549316406 182.09375 0.0  99.70875549316406 154.29376220703125 0.0
Q  1  99.70875549316406 154.29376220703125 0.0  99.70875549316406 182.09375 0.0  99.97875213623047 182.09375 0.0  99.97875213623047 154.29376220703125 0.0
Q  1  99.97875213623047 154.29376220703125 0.0  99.97875213623047 182.09375 0.0  100.24874877929688 182.09375 0.0  100.24874877929688 154.29376220703125 0.0
Q  1  94.24874877929688 43.09375 0.0  94.24874877929688 70.89375305175781 0.0  94.51875305175781 70.89375305175781 0.0  94.51875305175781 43.09375 0.0
Q  1  94.24874877929688 70.89375305175781 0.0  94.24874877929688 98.69375610351562 0.0  94.51875305175781 98.69375610351562 0.0  94.51875305175781 70.89375305175781 0.0
Q  1  94.24874877929688 98.69375610351562 0.0  94.24874877929688 126.49375915527344 0.0  94.51875305175781 126.49375915527344 0.0  94.51875305175781 98.69375610351562 0.0
Q  1  94.24874877929688 126.49375915527344 0.0  94.24874877929688 154.29376220703125 0.0  94.51875305175781 154.29376220703125 0.0  94.51875305175781 126.49375915527344 0.0
Q  1  93.16874694824219 43.09375 0.0  93.16874694824219 70.89375305175781 0.0  93.43875122070312 70.89375305175781 0.0  93.43875122070312 43.09375 0.0
Q  1  93.43875122070312 43.09375 0.0  93.43875122070312 70.89375305175781 0.0  93.70875549316406 70.89375305175781 0.0  93.70875549316406 43.09375 0.0
Q  1  93.70875549316406 43.09375 0.0  93.70875549316406 70.89375305175781 0.0  93.97875213623047 70.89375305175781 0.0  93.97875213623047 43.09375 0.0
Q  1  93.97875213623047 43.09375 0.0  93.97875213623047 70.89375305175781 0.0  94.24874877929688 70.89375305175781 0.0  94.24874877929688 43.09375 0.0
Q  1  93.16874694824219 70.89375305175781 0.0  93.16874694824219 98.69375610351562 0.0  93.43875122070312 98.69375610351562 0.0  93.43875122070312 70.89375305175781 0.0
Q  1  93.43875122070312 70.89375305175781 0.0  93.43875122070312 98.69375610351562 0.0  93.70875549316406 98.69375610351562 0.0  93.70875549316406 70.89375305175781 0.0
Q  1  93.70875549316406 70.89375305175781 0.0  93.70875549316406 98.69375610351562 0.0  93.97875213623047 98.69375610351562 0.0  93.97875213623047 70.89375305175781 0.0
Q  1  93.97875213623047 70.89375305175781 0.0  93.97875213623047 98.69375610351562 0.0  94.24874877929688 98.69375610351562 0.0  94.24874877929688 70.89375305175781 0.0
Q  1  93.16874694824219 98.69375610351562 0.0  93.16874694824219 126.49375915527344 0.0  93.43875122070312 126.49375915527344 0.0  93.43875122070312 98.69375610351562 0.0
Q  1  93.43875122070312 98.69375610351562 0.0  93.43875122070312 126.49375915527344 0.0  93.70875549316406 126.49375915527344 0.0  93.70875549316406 98.69375610351562 0.0
Q  1  93.70875549316406 98.69375610351562 0.0  93.70875549316406 126.49375915527344 0.0  93.97875213623047 126.49375915527344 0.0  93.97875213623047 98.69375610351562 0.0
Q  1  93.97875213623047 98.69375610351562 0.0  93.97875213623047 126.49375915527344 0.0  94.24874877929688 126.49375915527344 0.0  94.24874877929688 98.69375610351562 0.0
Q  1  93.16874694824219 126.49375915527344 0.0  93.16874694824219 154.29376220703125 0.0  93.43875122070312 154.29376220703125 0.0  93.43875122070312 126.49375915527344 0.0
Q  1  93.43875122070312 126.49375915527344 0.0  93.43875122070312 154.29376220703125 0.0  93.70875549316406 154.29376220703125 0.0  93.70875549316406 126.49375915527344 0.0
Q  1  93.70875549316406 126.49375915527344 0.0  93.70875549316406 154.29376220703125 0.0  93.97875213623047 154.29376220703125 0.0  93.97875213623047 126.49375915527344 0.0
Q  1  93.97875213623047 126.49375915527344 0.0  93.97875213623047 154.29376220703125 0.0  94.24874877929688 154.29376220703125 0.0  94.24874877929688 126.49375915527344 0.0
Q  1  93.16874694824219 154.29376220703125 0.0  93.16874694824219 182.09375 0.0  93.43875122070312 182.09375 0.0  93.43875122070312 154.29376220703125 0.0
Q  1  93.43875122070312 154.29376220703125 0.0  93.43875122070312 182.09375 0.0  93.70875549316406 182.09375 0.0  93.70875549316406 154.29376220703125 0.0
Q  1  93.70875549316406 154.29376220703125 0.0  93.70875549316406 182.09375 0.0  93.97875213623047 182.09375 0.0  93.97875213623047 154.29376220703125 0.0
Q  1  93.97875213623047 154.29376220703125 0.0  93.97875213623047 182.09375 0.0  94.24874877929688 182.09375 0.0  94.24874877929688 154.29376220703125 0.0
Q  1  88.24874877929688 43.09375 0.0  88.24874877929688 70.89375305175781 0.0  88.51875305175781 70.89375305175781 0.0  88.51875305175781 43.09375 0.0
Q  1  88.24874877929688 70.89375305175781 0.0  88.24874877929688 98.69375610351562 0.0  88.51875305175781 98.69375610351562 0.0  88.51875305175781 70.89375305175781 0.0
Q  1  88.24874877929688 98.69375610351562 0.0  88.24874877929688 126.49375915527344 0.0  88.51875305175781 126.49375915527344 0.0  88.51875305175781 98.69375610351562 0.0
Q  1  88.24874877929688 126.49375915527344 0.0  88.24874877929688 154.29376220703125 0.0  88.51875305175781 154.29376220703125 0.0  88.51875305175781 126.49375915527344 0.0
Q  1  87.16874694824219 43.09375 0.0  87.16874694824219 70.89375305175781 0.0  87.43875122070312 70.89375305175781 0.0  87.43875122070312 43.09375 0.0
Q  1  87.43875122070312 43.09375 0.0  87.43875122070312 70.89375305175781 0.0  87.70875549316406 70.89375305175781 0.0  87.70875549316406 43.09375 0.0
Q  1  87.70875549316406 43.09375 0.0  87.70875549316406 70.89375305175781 0.0  87.97875213623047 70.89375305175781 0.0  87.97875213623047 43.09375 0.0
Q  1  87.97875213623047 43.09375 0.0  87.97875213623047 70.89375305175781 0.0  88.24874877929688 70.89375305175781 0.0  88.24874877929688 43.09375 0.0
Q  1  87.16874694824219 70.89375305175781 0.0  87.16874694824219 98.69375610351562 0.0  87.43875122070312 98.69375610351562 0.0  87.43875122070312 70.89375305175781 0.0
Q  1  87.43875122070312 70.89375305175781 0.0  87.43875122070312 98.69375610351562 0.0  87.70875549316406 98.69375610351562 0.0  87.70875549316406 70.89375305175781 0.0
Q  1  87.70875549316406 70.89375305175781 0.0  87.70875549316406 98.69375610351562 0.0  87.97875213623047 98.69375610351562 0.0  87.97875213623047 70.89375305175781 0.0
Q  1  87.97875213623047 70.89375305175781 0.0  87.97875213623047 98.69375610351562 0.0  88.24874877929688 98.69375610351562 0.0  88.24874877929688 70.89375305175781 0.0
Q  1  87.16874694824219 98.69375610351562 0.0  87.16874694824219 126.49375915527344 0.0  87.43875122070312 126.49375915527344 0.0  87.43875122070312 98.69375610351562 0.0
Q  1  87.43875122070312 98.69375610351562 0.0  87.43875122070312 126.49375915527344 0.0  87.70875549316406 126.49375915527344 0.0  87.70875549316406 98.69375610351562 0.0
Q  1  87.70875549316406 98.69375610351562 0.0  87.70875549316406 126.49375915527344 0.0  87.97875213623047 126.49375915527344 0.0  87.97875213623047 98.69375610351562 0.0
Q  1  87.97875213623047 98.69375610351562 0.0  87.97875213623047 126.49375915527344 0.0  88.24874877929688 126.49375915527344 0.0  88.24874877929688 98.69375610351562 0.0
Q  1  87.16874694824219 126.49375915527344 0.0  87.16874694824219 154.29376220703125 0.0  87.43875122070312 154.29376220703125 0.0  87.43875122070312 126.49375915527344 0.0
Q  1  87.43875122070312 126.49375915527344 0.0  87.43875122070312 154.29376220703125 0.0  87.70875549316406 154.29376220703125 0.0  87.70875549316406 126.49375915527344 0.0
Q  1  87.70875549316406 126.49375915527344 0.0  87.70875549316406 154.29376220703125 0.0  87.97875213623047 154.29376220703125 0.0  87.97875213623047 126.49375915527344 0.0
Q  1  87.97875213623047 126.49375915527344 0.0  87.97875213623047 154.29376220703125 0.0  88.24874877929688 154.29376220703125 0.0  88.24874877929688 126.49375915527344 0.0
Q  1  87.16874694824219 154.29376220703125 0.0  87.16874694824219 182.09375 0.0  87.43875122070312 182.09375 0.0  87.43875122070312 154.29376220703125 0.0
Q  1  87.43875122070312 154.29376220703125 0.0  87.43875122070312 182.09375 0.0  87.70875549316406 182.09375 0.0  87.70875549316406 154.29376220703125 0.0
Q  1  87.70875549316406 154.29376220703125 0.0  87.70875549316406 182.09375 0.0  87.97875213623047 182.09375 0.0  87.97875213623047 154.29376220703125 0.0
Q  1  87.97875213623047 154.29376220703125 0.0  87.97875213623047 182.09375 0.0  88.24874877929688 182.09375 0.0  88.24874877929688 154.29376220703125 0.0
Q  1  82.24874877929688 43.09375 0.0  82.24874877929688 70.89375305175781 0.0  82.51875305175781 70.89375305175781 0.0  82.51875305175781 43.09375 0.0
Q  1  82.24874877929688 70.89375305175781 0.0  82.24874877929688 98.69375610351562 0.0  82.51875305175781 98.69375610351562 0.0  82.51875305175781 70.89375305175781 0.0
Q  1  82.24874877929688 98.69375610351562 0.0  82.24874877929688 126.49375915527344 0.0  82.51875305175781 126.49375915527344 0.0  82.51875305175781 98.69375610351562 0.0
Q  1  82.24874877929688 126.49375915527344 0.0  82.24874877929688 154.29376220703125 0.0  82.51875305175781 154.29376220703125 0.0  82.51875305175781 126.49375915527344 0.0
Q  1  81.16874694824219 43.09375 0.0  81.16874694824219 70.89375305175781 0.0  81.43875122070312 70.89375305175781 0.0  81.43875122070312 43.09375 0.0
Q  1  81.43875122070312 43.09375 0.0  81.43875122070312 70.89375305175781 0.0  81.70875549316406 70.89375305175781 0.0  81.70875549316406 43.09375 0.0
Q  1  81.70875549316406 43.09375 0.0  81.70875549316406 70.89375305175781 0.0  81.97875213623047 70.89375305175781 0.0  81.97875213623047 43.09375 0.0
Q  1  81.97875213623047 43.09375 0.0  81.97875213623047 70.89375305175781 0.0  82.24874877929688 70.89375305175781 0.0  82.24874877929688 43.09375 0.0
Q  1  81.16874694824219 70.89375305175781 0.0  81.16874694824219 98.69375610351562 0.0  81.43875122070312 98.69375610351562 0.0  81.43875122070312 70.89375305175781 0.0
Q  1  81.43875122070312 70.89375305175781 0.0  81.43875122070312 98.69375610351562 0.0  81.70875549316406 98.69375610351562 0.0  81.70875549316406 70.89375305175781 0.0
Q  1  81.70875549316406 70.89375305175781 0.0  81.70875549316406 98.69375610351562 0.0  81.97875213623047 98.69375610351562 0.0  81.97875213623047 70.89375305175781 0.0
Q  1  81.97875213623047 70.89375305175781 0.0  81.97875213623047 98.69375610351562 0.0  82.24874877929688 98.69375610351562 0.0  82.24874877929688 70.89375305175781 0.0
Q  1  81.16874694824219 98.69375610351562 0.0  81.16874694824219 126.49375915527344 0.0  81.43875122070312 126.49375915527344 0.0  81.43875122070312 98.69375610351562 0.0
Q  1  81.43875122070312 98.69375610351562 0.0  81.43875122070312 126.49375915527344 0.0  81.70875549316406 126.49375915527344 0.0  81.70875549316406 98.69375610351562 0.0
Q  1  81.70875549316406 98.69375610351562 0.0  81.70875549316406 126.49375915527344 0.0  81.97875213623047 126.49375915527344 0.0  81.97875213623047 98.69375610351562 0.0
Q  1  81.97875213623047 98.69375610351562 0.0  81.97875213623047 126.49375915527344 0.0  82.24874877929688 126.49375915527344 0.0  82.24874877929688 98.69375610351562 0.0
Q  1  81.16874694824219 126.49375915527344 0.0  81.16874694824219 154.29376220703125 0.0  81.43875122070312 154.29376220703125 0.0  81.43875122070312 126.49375915527344 0.0
Q  1  81.43875122070312 126.49375915527344 0.0  81.43875122070312 154.29376220703125 0.0  81.70875549316406 154.29376220703125 0.0  81.70875549316406 126.49375915527344 0.0
Q  1  81.70875549316406 126.49375915527344 0.0  81.70875549316406 154.29376220703125 0.0  81.97875213623047 154.29376220703125 0.0  81.97875213623047 126.49375915527344 0.0
Q  1  81.97875213623047 126.49375915527344 0.0  81.97875213623047 154.29376220703125 0.0  82.24874877929688 154.29376220703125 0.0  82.24874877929688 126.49375915527344 0.0
Q  1  81.16874694824219 154.29376220703125 0.0  81.16874694824219 182.09375 0.0  81.43875122070312 182.09375 0.0  81.43875122070312 154.29376220703125 0.0
Q  1  81.43875122070312 154.29376220703125 0.0  81.43875122070312 182.09375 0.0  81.70875549316406 182.09375 0.0  81.70875549316406 154.29376220703125 0.0
Q  1  81.70875549316406 154.29376220703125 0.0  81.70875549316406 182.09375 0.0  81.97875213623047 182.09375 0.0  81.97875213623047 154.29376220703125 0.0
Q  1  81.97875213623047 154.29376220703125 0.0  81.97875213623047 182.09375 0.0  82.24874877929688 182.09375 0.0  82.24874877929688 154.29376220703125 0.0
Q  1  76.24874877929688 43.09375 0.0  76.24874877929688 70.89375305175781 0.0  76.51875305175781 70.89375305175781 0.0  76.51875305175781 43.09375 0.0
Q  1  76.24874877929688 70.89375305175781 0.0  76.24874877929688 98.69375610351562 0.0  76.51875305175781 98.69375610351562 0.0  76.51875305175781 70.89375305175781 0.0
Q  1  76.24874877929688 98.69375610351562 0.0  76.24874877929688 126.49375915527344 0.0  76.51875305175781 126.49375915527344 0.0  76.51875305175781 98.69375610351562 0.0
Q  1  76.24874877929688 126.49375915527344 0.0  76.24874877929688 154.29376220703125 0.0  76.51875305175781 154.29376220703125 0.0  76.51875305175781 126.49375915527344 0.0
Q  1  75.16874694824219 43.09375 0.0  75.16874694824219 70.89375305175781 0.0  75.43875122070312 70.89375305175781 0.0  75.43875122070312 43.09375 0.0
Q  1  75.43875122070312 43.09375 0.0  75.43875122070312 70.89375305175781 0.0  75.70875549316406 70.89375305175781 0.0  75.70875549316406 43.09375 0.0
Q  1  75.70875549316406 43.09375 0.0  75.70875549316406 70.89375305175781 0.0  75.97875213623047 70.89375305175781 0.0  75.97875213623047 43.09375 0.0
Q  1  75.97875213623047 43.09375 0.0  75.97875213623047 70.89375305175781 0.0  76.24874877929688 70.89375305175781 0.0  76.24874877929688 43.09375 0.0
Q  1  75.16874694824219 70.89375305175781 0.0  75.16874694824219 98.69375610351562 0.0  75.43875122070312 98.69375610351562 0.0  75.43875122070312 70.89375305175781 0.0
Q  1  75.43875122070312 70.89375305175781 0.0  75.43875122070312 98.69375610351562 0.0  75.70875549316406 98.69375610351562 0.0  75.70875549316406 70.89375305175781 0.0
Q  1  75.70875549316406 70.89375305175781 0.0  75.70875549316406 98.69375610351562 0.0  75.97875213623047 98.69375610351562 0.0  75.97875213623047 70.89375305175781 0.0
Q  1  75.97875213623047 70.89375305175781 0.0  75.97875213623047 98.69375610351562 0.0  76.24874877929688 98.69375610351562 0.0  76.24874877929688 70.89375305175781 0.0
Q  1  75.16874694824219 98.69375610351562 0.0  75.16874694824219 126.49375915527344 0.0  75.43875122070312 126.49375915527344 0.0  75.43875122070312 98.69375610351562 0.0
Q  1  75.43875122070312 98.69375610351562 0.0  75.43875122070312 126.49375915527344 0.0  75.70875549316406 126.49375915527344 0.0  75.70875549316406 98.69375610351562 0.0
Q  1  75.70875549316406 98.69375610351562 0.0  75.70875549316406 126.49375915527344 0.0  75.97875213623047 126.49375915527344 0.0  75.97875213623047 98.69375610351562 0.0
Q  1  75.97875213623047 98.69375610351562 0.0  75.97875213623047 126.49375915527344 0.0  76.24874877929688 126.49375915527344 0.0  76.24874877929688 98.69375610351562 0.0
Q  1  75.16874694824219 126.49375915527344 0.0  75.16874694824219 154.29376220703125 0.0  75.43875122070312 154.29376220703125 0.0  75.43875122070312 126.49375915527344 0.0
Q  1  75.43875122070312 126.49375915527344 0.0  75.43875122070312 154.29376220703125 0.0  75.70875549316406 154.29376220703125 0.0  75.70875549316406 126.49375915527344 0.0
Q  1  75.70875549316406 126.49375915527344 0.0  75.70875549316406 154.29376220703125 0.0  75.97875213623047 154.29376220703125 0.0  75.97875213623047 126.49375915527344 0.0
Q  1  75.97875213623047 126.49375915527344 0.0  75.97875213623047 154.29376220703125 0.0  76.24874877929688 154.29376220703125 0.0  76.24874877929688 126.49375915527344 0.0
Q  1  75.16874694824219 154.29376220703125 0.0  75.16874694824219 182.09375 0.0  75.43875122070312 182.09375 0.0  75.43875122070312 154.29376220703125 0.0
Q  1  75.43875122070312 154.29376220703125 0.0  75.43875122070312 182.09375 0.0  75.70875549316406 182.09375 0.0  75.70875549316406 154.29376220703125 0.0
Q  1  75.70875549316406 154.29376220703125 0.0  75.70875549316406 182.09375 0.0  75.97875213623047 182.09375 0.0  75.97875213623047 154.29376220703125 0.0
Q  1  75.97875213623047 154.29376220703125 0.0  75.97875213623047 182.09375 0.0  76.24874877929688 182.09375 0.0  76.24874877929688 154.29376220703125 0.0
Q  1  70.24874877929688 43.09375 0.0  70.24874877929688 70.89375305175781 0.0  70.51875305175781 70.89375305175781 0.0  70.51875305175781 43.09375 0.0
Q  1  70.24874877929688 70.89375305175781 0.0  70.24874877929688 98.69375610351562 0.0  70.51875305175781 98.69375610351562 0.0  70.51875305175781 70.89375305175781 0.0
Q  1  70.24874877929688 98.69375610351562 0.0  70.24874877929688 126.49375915527344 0.0  70.51875305175781 126.49375915527344 0.0  70.51875305175781 98.69375610351562 0.0
Q  1  70.24874877929688 126.49375915527344 0.0  70.24874877929688 154.29376220703125 0.0  70.51875305175781 154.29376220703125 0.0  70.51875305175781 126.49375915527344 0.0
Q  1  69.16874694824219 43.09375 0.0  69.16874694824219 70.89375305175781 0.0  69.43875122070312 70.89375305175781 0.0  69.43875122070312 43.09375 0.0
Q  1  69.43875122070312 43.09375 0.0  69.43875122070312 70.89375305175781 0.0  69.70875549316406 70.89375305175781 0.0  69.70875549316406 43.09375 0.0
Q  1  69.70875549316406 43.09375 0.0  69.70875549316406 70.89375305175781 0.0  69.97875213623047 70.89375305175781 0.0  69.97875213623047 43.09375 0.0
Q  1  69.97875213623047 43.09375 0.0  69.97875213623047 70.89375305175781 0.0  70.24874877929688 70.89375305175781 0.0  70.24874877929688 43.09375 0.0
Q  1  69.16874694824219 70.89375305175781 0.0  69.16874694824219 98.69375610351562 0.0  69.43875122070312 98.69375610351562 0.0  69.43875122070312 70.89375305175781 0.0
Q  1  69.43875122070312 70.89375305175781 0.0  69.43875122070312 98.69375610351562 0.0  69.70875549316406 98.69375610351562 0.0  69.70875549316406 70.89375305175781 0.0
Q  1  69.70875549316406 70.89375305175781 0.0  69.70875549316406 98.69375610351562 0.0  69.97875213623047 98.69375610351562 0.0  69.97875213623047 70.89375305175781 0.0
Q  1  69.97875213623047 70.89375305175781 0.0  69.97875213623047 98.69375610351562 0.0  70.24874877929688 98.69375610351562 0.0  70.24874877929688 70.89375305175781 0.0
Q  1  69.16874694824219 98.69375610351562 0.0  69.16874694824219 126.49375915527344 0.0  69.43875122070312 126.49375915527344 0.0  69.43875122070312 98.69375610351562 0.0
Q  1  69.43875122070312 98.69375610351562 0.0  69.43875122070312 126.49375915527344 0.0  69.70875549316406 126.49375915527344 0.0  69.70875549316406 98.69375610351562 0.0
Q  1  69.70875549316406 98.69375610351562 0.0  69.70875549316406 126.49375915527344 0.0  69.97875213623047 126.49375915527344 0.0  69.97875213623047 98.69375610351562 0.0
Q  1  69.97875213623047 98.69375610351562 0.0  69.97875213623047 126.49375915527344 0.0  70.24874877929688 126.49375915527344 0.0  70.24874877929688 98.69375610351562 0.0
Q  1  69.16874694824219 126.49375915527344 0.0  69.16874694824219 154.29376220703125 0.0  69.43875122070312 154.29376220703125 0.0  69.43875122070312 126.49375915527344 0.0
Q  1  69.43875122070312 126.49375915527344 0.0  69.43875122070312 154.29376220703125 0.0  69.70875549316406 154.29376220703125 0.0  69.70875549316406 126.49375915527344 0.0
Q  1  69.70875549316406 126.49375915527344 0.0  69.70875549316406 154.29376220703125 0.0  69.97875213623047 154.29376220703125 0.0  69.97875213623047 126.49375915527344 0.0
Q  1  69.97875213623047 126.49375915527344 0.0  69.97875213623047 154.29376220703125 0.0  70.24874877929688 154.29376220703125 0.0  70.24874877929688 126.49375915527344 0.0
Q  1  69.16874694824219 154.29376220703125 0.0  69.16874694824219 182.09375 0.0  69.43875122070312 182.09375 0.0  69.43875122070312 154.29376220703125 0.0
Q  1  69.43875122070312 154.29376220703125 0.0  69.43875122070312 182.09375 0.0  69.70875549316406 182.09375 0.0  69.70875549316406 154.29376220703125 0.0
Q  1  69.70875549316406 154.29376220703125 0.0  69.70875549316406 182.09375 0.0  69.97875213623047 182.09375 0.0  69.97875213623047 154.29376220703125 0.0
Q  1  69.97875213623047 154.29376220703125 0.0  69.97875213623047 182.09375 0.0  70.24874877929688 182.09375 0.0  70.24874877929688 154.29376220703125 0.0
Q  1  64.24874877929688 43.09375 0.0  64.24874877929688 70.89375305175781 0.0  64.51875305175781 70.89375305175781 0.0  64.51875305175781 43.09375 0.0
Q  1  64.24874877929688 70.89375305175781 0.0  64.24874877929688 98.69375610351562 0.0  64.51875305175781 98.69375610351562 0.0  64.51875305175781 70.89375305175781 0.0
Q  1  64.24874877929688 98.69375610351562 0.0  64.24874877929688 126.49375915527344 0.0  64.51875305175781 126.49375915527344 0.0  64.51875305175781 98.69375610351562 0.0
Q  1  64.24874877929688 126.49375915527344 0.0  64.24874877929688 154.29376220703125 0.0  64.51875305175781 154.29376220703125 0.0  64.51875305175781 126.49375915527344 0.0
Q  1  63.16875076293945 43.09375 0.0  63.16875076293945 70.89375305175781 0.0  63.438751220703125 70.89375305175781 0.0  63.438751220703125 43.09375 0.0
Q  1  63.438751220703125 43.09375 0.0  63.438751220703125 70.89375305175781 0.0  63.7087516784668 70.89375305175781 0.0  63.7087516784668 43.09375 0.0
Q  1  63.7087516784668 43.09375 0.0  63.7087516784668 70.89375305175781 0.0  63.97875213623047 70.89375305175781 0.0  63.97875213623047 43.09375 0.0
Q  1  63.97875213623047 43.09375 0.0  63.97875213623047 70.89375305175781 0.0  64.24874877929688 70.89375305175781 0.0  64.24874877929688 43.09375 0.0
Q  1  63.16875076293945 70.89375305175781 0.0  63.16875076293945 98.69375610351562 0.0  63.438751220703125 98.69375610351562 0.0  63.438751220703125 70.89375305175781 0.0
Q  1  63.438751220703125 70.89375305175781 0.0  63.438751220703125 98.69375610351562 0.0  63.7087516784668 98.69375610351562 0.0  63.7087516784668 70.89375305175781 0.0
Q  1  63.7087516784668 70.89375305175781 0.0  63.7087516784668 98.69375610351562 0.0  63.97875213623047 98.69375610351562 0.0  63.97875213623047 70.89375305175781 0.0
Q  1  63.97875213623047 70.89375305175781 0.0  63.97875213623047 98.69375610351562 0.0  64.24874877929688 98.69375610351562 0.0  64.24874877929688 70.89375305175781 0.0
Q  1  63.16875076293945 98.69375610351562 0.0  63.16875076293945 126.49375915527344 0.0  63.438751220703125 126.49375915527344 0.0  63.438751220703125 98.69375610351562 0.0
Q  1  63.438751220703125 98.69375610351562 0.0  63.438751220703125 126.49375915527344 0.0  63.7087516784668 126.49375915527344 0.0  63.7087516784668 98.69375610351562 0.0
Q  1  63.7087516784668 98.69375610351562 0.0  63.7087516784668 126.49375915527344 0.0  63.97875213623047 126.49375915527344 0.0  63.97875213623047 98.69375610351562 0.0
Q  1  63.97875213623047 98.69375610351562 0.0  63.97875213623047 126.49375915527344 0.0  64.24874877929688 126.49375915527344 0.0  64.24874877929688 98.69375610351562 0.0
Q  1  63.16875076293945 126.49375915527344 0.0  63.16875076293945 154.29376220703125 0.0  63.438751220703125 154.29376220703125 0.0  63.438751220703125 126.49375915527344 0.0
Q  1  63.438751220703125 126.49375915527344 0.0  63.438751220703125 154.29376220703125 0.0  63.7087516784668 154.29376220703125 0.0  63.7087516784668 126.49375915527344 0.0
Q  1  63.7087516784668 126.49375915527344 0.0  63.7087516784668 154.29376220703125 0.0  63.97875213623047 154.29376220703125 0.0  63.97875213623047 126.49375915527344 0.0
Q  1  63.97875213623047 126.49375915527344 0.0  63.97875213623047 154.29376220703125 0.0  64.24874877929688 154.29376220703125 0.0  64.24874877929688 126.49375915527344 0.0
Q  1  63.16875076293945 154.29376220703125 0.0  63.16875076293945 182.09375 0.0  63.438751220703125 182.09375 0.0  63.438751220703125 154.29376220703125 0.0
Q  1  63.438751220703125 154.29376220703125 0.0  63.438751220703125 182.09375 0.0  63.7087516784668 182.09375 0.0  63.7087516784668 154.29376220703125 0.0
Q  1  63.7087516784668 154.29376220703125 0.0  63.7087516784668 182.09375 0.0  63.97875213623047 182.09375 0.0  63.97875213623047 154.29376220703125 0.0
Q  1  63.97875213623047 154.29376220703125 0.0  63.97875213623047 182.09375 0.0  64.24874877929688 182.09375 0.0  64.24874877929688 154.29376220703125 0.0
Q  1  58.248748779296875 43.09375 0.0  58.248748779296875 70.89375305175781 0.0  58.51874923706055 70.89375305175781 0.0  58.51874923706055 43.09375 0.0
Q  1  58.248748779296875 70.89375305175781 0.0  58.248748779296875 98.69375610351562 0.0  58.51874923706055 98.69375610351562 0.0  58.51874923706055 70.89375305175781 0.0
Q  1  58.248748779296875 98.69375610351562 0.0  58.248748779296875 126.49375915527344 0.0  58.51874923706055 126.49375915527344 0.0  58.51874923706055 98.69375610351562 0.0
Q  1  58.248748779296875 126.49375915527344 0.0  58.248748779296875 154.29376220703125 0.0  58.51874923706055 154.29376220703125 0.0  58.51874923706055 126.49375915527344 0.0
Q  1  57.16875076293945 43.09375 0.0  57.16875076293945 70.89375305175781 0.0  57.438751220703125 70.89375305175781 0.0  57.438751220703125 43.09375 0.0
Q  1  57.438751220703125 43.09375 0.0  57.438751220703125 70.89375305175781 0.0  57.7087516784668 70.89375305175781 0.0  57.7087516784668 43.09375 0.0
Q  1  57.7087516784668 43.09375 0.0  57.7087516784668 70.89375305175781 0.0  57.97875213623047 70.89375305175781 0.0  57.97875213623047 43.09375 0.0
Q  1  57.97875213623047 43.09375 0.0  57.97875213623047 70.89375305175781 0.0  58.248748779296875 70.89375305175781 0.0  58.248748779296875 43.09375 0.0
Q  1  57.16875076293945 70.89375305175781 0.0  57.16875076293945 98.69375610351562 0.0  57.438751220703125 98.69375610351562 0.0  57.438751220703125 70.89375305175781 0.0
Q  1  57.438751220703125 70.89375305175781 0.0  57.438751220703125 98.69375610351562 0.0  57.7087516784668 98.69375610351562 0.0  57.7087516784668 70.89375305175781 0.0
Q  1  57.7087516784668 70.89375305175781 0.0  57.7087516784668 98.69375610351562 0.0  57.97875213623047 98.69375610351562 0.0  57.97875213623047 70.89375305175781 0.0
Q  1  57.97875213623047 70.89375305175781 0.0  57.97875213623047 98.69375610351562 0.0  58.248748779296875 98.69375610351562 0.0  58.248748779296875 70.89375305175781 0.0
Q  1  57.16875076293945 98.69375610351562 0.0  57.16875076293945 126.49375915527344 0.0  57.438751220703125 126.49375915527344 0.0  57.438751220703125 98.69375610351562 0.0
Q  1  57.438751220703125 98.69375610351562 0.0  57.438751220703125 126.49375915527344 0.0  57.7087516784668 126.49375915527344 0.0  57.7087516784668 98.69375610351562 0.0
Q  1  57.7087516784668 98.69375610351562 0.0  57.7087516784668 126.49375915527344 0.0  57.97875213623047 126.49375915527344 0.0  57.97875213623047 98.69375610351562 0.0
Q  1  57.97875213623047 98.69375610351562 0.0  57.97875213623047 126.49375915527344 0.0  58.248748779296875 126.49375915527344 0.0  58.248748779296875 98.69375610351562 0.0
Q  1  57.16875076293945 126.49375915527344 0.0  57.16875076293945 154.29376220703125 0.0  57.438751220703125 154.29376220703125 0.0  57.438751220703125 126.49375915527344 0.0
Q  1  57.438751220703125 126.49375915527344 0.0  57.438751220703125 154.29376220703125 0.0  57.7087516784668 154.29376220703125 0.0  57.7087516784668 126.49375915527344 0.0
Q  1  57.7087516784668 126.49375915527344 0.0  57.7087516784668 154.29376220703125 0.0  57.97875213623047 154.29376220703125 0.0  57.97875213623047 126.49375915527344 0.0
Q  1  57.97875213623047 126.49375915527344 0.0  57.97875213623047 154.29376220703125 0.0  58.248748779296875 154.29376220703125 0.0  58.248748779296875 126.49375915527344 0.0
Q  1  57.16875076293945 154.29376220703125 0.0  57.16875076293945 182.09375 0.0  57.438751220703125 182.09375 0.0  57.438751220703125 154.29376220703125 0.0
Q  1  57.438751220703125 154.29376220703125 0.0  57.438751220703125 182.09375 0.0  57.7087516784668 182.09375 0.0  57.7087516784668 154.29376220703125 0.0
Q  1  57.7087516784668 154.29376220703125 0.0  57.7087516784668 182.09375 0.0  57.97875213623047 182.09375 0.0  57.97875213623047 154.29376220703125 0.0
Q  1  57.97875213623047 154.29376220703125 0.0  57.97875213623047 182.09375 0.0  58.248748779296875 182.09375 0.0  58.248748779296875 154.29376220703125 0.0
Q  1  52.248748779296875 43.09375 0.0  52.248748779296875 70.89375305175781 0.0  52.51874923706055 70.89375305175781 0.0  52.51874923706055 43.09375 0.0
Q  1  52.248748779296875 70.89375305175781 0.0  52.248748779296875 98.69375610351562 0.0  52.51874923706055 98.69375610351562 0.0  52.51874923706055 70.89375305175781 0.0
Q  1  52.248748779296875 98.69375610351562 0.0  52.248748779296875 126.49375915527344 0.0  52.51874923706055 126.49375915527344 0.0  52.51874923706055 98.69375610351562 0.0
Q  1  52.248748779296875 126.49375915527344 0.0  52.248748779296875 154.29376220703125 0.0  52.51874923706055 154.29376220703125 0.0  52.51874923706055 126.49375915527344 0.0
Q  1  51.16875076293945 43.09375 0.0  51.16875076293945 70.89375305175781 0.0  51.438751220703125 70.89375305175781 0.0  51.438751220703125 43.09375 0.0
Q  1  51.438751220703125 43.09375 0.0  51.438751220703125 70.89375305175781 0.0  51.7087516784668 70.89375305175781 0.0  51.7087516784668 43.09375 0.0
Q  1  51.7087516784668 43.09375 0.0  51.7087516784668 70.89375305175781 0.0  51.97875213623047 70.89375305175781 0.0  51.97875213623047 43.09375 0.0
Q  1  51.97875213623047 43.09375 0.0  51.97875213623047 70.89375305175781 0.0  52.248748779296875 70.89375305175781 0.0  52.248748779296875 43.09375 0.0
Q  1  51.16875076293945 70.89375305175781 0.0  51.16875076293945 98.69375610351562 0.0  51.438751220703125 98.69375610351562 0.0  51.438751220703125 70.89375305175781 0.0
Q  1  51.438751220703125 70.89375305175781 0.0  51.438751220703125 98.69375610351562 0.0  51.7087516784668 98.69375610351562 0.0  51.7087516784668 70.89375305175781 0.0
Q  1  51.7087516784668 70.89375305175781 0.0  51.7087516784668 98.69375610351562 0.0  51.97875213623047 98.69375610351562 0.0  51.97875213623047 70.89375305175781 0.0
Q  1  51.97875213623047 70.89375305175781 0.0  51.97875213623047 98.69375610351562 0.0  52.248748779296875 98.69375610351562 0.0  52.248748779296875 70.89375305175781 0.0
Q  1  51.16875076293945 98.69375610351562 0.0  51.16875076293945 126.49375915527344 0.0  51.438751220703125 126.49375915527344 0.0  51.438751220703125 98.69375610351562 0.0
Q  1  51.438751220703125 98.69375610351562 0.0  51.438751220703125 126.49375915527344 0.0  51.7087516784668 126.49375915527344 0.0  51.7087516784668 98.69375610351562 0.0
Q  1  51.7087516784668 98.69375610351562 0.0  51.7087516784668 126.49375915527344 0.0  51.97875213623047 126.49375915527344 0.0  51.97875213623047 98.69375610351562 0.0
Q  1  51.97875213623047 98.69375610351562 0.0  51.97875213623047 126.49375915527344 0.0  52.248748779296875 126.49375915527344 0.0  52.248748779296875 98.69375610351562 0.0
Q  1  51.16875076293945 126.49375915527344 0.0  51.16875076293945 154.29376220703125 0.0  51.438751220703125 154.29376220703125 0.0  51.438751220703125 126.49375915527344 0.0
Q  1  51.438751220703125 126.49375915527344 0.0  51.438751220703125 154.29376220703125 0.0  51.7087516784668 154.29376220703125 0.0  51.7087516784668 126.49375915527344 0.0
Q  1  51.7087516784668 126.49375915527344 0.0  51.7087516784668 154.29376220703125 0.0  51.97875213623047 154.29376220703125 0.0  51.97875213623047 126.49375915527344 0.0
Q  1  51.97875213623047 126.49375915527344 0.0  51.97875213623047 154.29376220703125 0.0  52.248748779296875 154.29376220703125 0.0  52.248748779296875 126.49375915527344 0.0
Q  1  51.16875076293945 154.29376220703125 0.0  51.16875076293945 182.09375 0.0  51.438751220703125 182.09375 0.0  51.438751220703125 154.29376220703125 0.0
Q  1  51.438751220703125 154.29376220703125 0.0  51.438751220703125 182.09375 0.0  51.7087516784668 182.09375 0.0  51.7087516784668 154.29376220703125 0.0
Q  1  51.7087516784668 154.29376220703125 0.0  51.7087516784668 182.09375 0.0  51.97875213623047 182.09375 0.0  51.97875213623047 154.29376220703125 0.0
Q  1  51.97875213623047 154.29376220703125 0.0  51.97875213623047 182.09375 0.0  52.248748779296875 182.09375 0.0  52.248748779296875 154.29376220703125 0.0
Q  1  46.248748779296875 43.09375 0.0  46.248748779296875 70.89375305175781 0.0  46.51874923706055 70.89375305175781 0.0  46.51874923706055 43.09375 0.0
Q  1  46.248748779296875 70.89375305175781 0.0  46.248748779296875 98.69375610351562 0.0  46.51874923706055 98.69375610351562 0.0  46.51874923706055 70.89375305175781 0.0
Q  1  46.248748779296875 98.69375610351562 0.0  46.248748779296875 126.49375915527344 0.0  46.51874923706055 126.49375915527344 0.0  46.51874923706055 98.69375610351562 0.0
Q  1  46.248748779296875 126.49375915527344 0.0  46.248748779296875 154.29376220703125 0.0  46.51874923706055 154.29376220703125 0.0  46.51874923706055 126.49375915527344 0.0
Q  1  45.16875076293945 43.09375 0.0  45.16875076293945 70.89375305175781 0.0  45.438751220703125 70.89375305175781 0.0  45.438751220703125 43.09375 0.0
Q  1  45.438751220703125 43.09375 0.0  45.438751220703125 70.89375305175781 0.0  45.7087516784668 70.89375305175781 0.0  45.7087516784668 43.09375 0.0
Q  1  45.7087516784668 43.09375 0.0  45.7087516784668 70.89375305175781 0.0  45.97875213623047 70.89375305175781 0.0  45.97875213623047 43.09375 0.0
Q  1  45.97875213623047 43.09375 0.0  45.97875213623047 70.89375305175781 0.0  46.248748779296875 70.89375305175781 0.0  46.248748779296875 43.09375 0.0
Q  1  45.16875076293945 70.89375305175781 0.0  45.16875076293945 98.69375610351562 0.0  45.438751220703125 98.69375610351562 0.0  45.438751220703125 70.89375305175781 0.0
Q  1  45.438751220703125 70.89375305175781 0.0  45.438751220703125 98.69375610351562 0.0  45.7087516784668 98.69375610351562 0.0  45.7087516784668 70.89375305175781 0.0
Q  1  45.7087516784668 70.89375305175781 0.0  45.7087516784668 98.69375610351562 0.0  45.97875213623047 98.69375610351562 0.0  45.97875213623047 70.89375305175781 0.0
Q  1  45.97875213623047 70.89375305175781 0.0  45.97875213623047 98.69375610351562 0.0  46.248748779296875 98.69375610351562 0.0  46.248748779296875 70.89375305175781 0.0
Q  1  45.16875076293945 98.69375610351562 0.0  45.16875076293945 126.49375915527344 0.0  45.438751220703125 126.49375915527344 0.0  45.438751220703125 98.69375610351562 0.0
Q  1  45.438751220703125 98.69375610351562 0.0  45.438751220703125 126.49375915527344 0.0  45.7087516784668 126.49375915527344 0.0  45.7087516784668 98.69375610351562 0.0
Q  1  45.7087516784668 98.69375610351562 0.0  45.7087516784668 126.49375915527344 0.0  45.97875213623047 126.49375915527344 0.0  45.97875213623047 98.69375610351562 0.0
Q  1  45.97875213623047 98.69375610351562 0.0  45.97875213623047 126.49375915527344 0.0  46.248748779296875 126.49375915527344 0.0  46.248748779296875 98.69375610351562 0.0
Q  1  45.16875076293945 126.49375915527344 0.0  45.16875076293945 154.29376220703125 0.0  45.438751220703125 154.29376220703125 0.0  45.438751220703125 126.49375915527344 0.0
Q  1  45.438751220703125 126.49375915527344 0.0  45.438751220703125 154.29376220703125 0.0  45.7087516784668 154.29376220703125 0.0  45.7087516784668 126.49375915527344 0.0
Q  1  45.7087516784668 126.49375915527344 0.0  45.7087516784668 154.29376220703125 0.0  45.97875213623047 154.29376220703125 0.0  45.97875213623047 126.49375915527344 0.0
Q  1  45.97875213623047 126.49375915527344 0.0  45.97875213623047 154.29376220703125 0.0  46.248748779296875 154.29376220703125 0.0  46.248748779296875 126.49375915527344 0.0
Q  1  45.16875076293945 154.29376220703125 0.0  45.16875076293945 182.09375 0.0  45.438751220703125 182.09375 0.0  45.438751220703125 154.29376220703125 0.0
Q  1  45.438751220703125 154.29376220703125 0.0  45.438751220703125 182.09375 0.0  45.7087516784668 182.09375 0.0  45.7087516784668 154.29376220703125 0.0
Q  1  45.7087516784668 154.29376220703125 0.0  45.7087516784668 182.09375 0.0  45.97875213623047 182.09375 0.0  45.97875213623047 154.29376220703125 0.0
Q  1  45.97875213623047 154.29376220703125 0.0  45.97875213623047 182.09375 0.0  46.248748779296875 182.09375 0.0  46.248748779296875 154.29376220703125 0.0
Q  1  40.248748779296875 43.09375 0.0  40.248748779296875 70.89375305175781 0.0  40.51874923706055 70.89375305175781 0.0  40.51874923706055 43.09375 0.0
Q  1  40.248748779296875 70.89375305175781 0.0  40.248748779296875 98.69375610351562 0.0  40.51874923706055 98.69375610351562 0.0  40.51874923706055 70.89375305175781 0.0
Q  1  40.248748779296875 98.69375610351562 0.0  40.248748779296875 126.49375915527344 0.0  40.51874923706055 126.49375915527344 0.0  40.51874923706055 98.69375610351562 0.0
Q  1  40.248748779296875 126.49375915527344 0.0  40.248748779296875 154.29376220703125 0.0  40.51874923706055 154.29376220703125 0.0  40.51874923706055 126.49375915527344 0.0
Q  1  39.16875076293945 43.09375 0.0  39.16875076293945 70.89375305175781 0.0  39.438751220703125 70.89375305175781 0.0  39.438751220703125 43.09375 0.0
Q  1  39.438751220703125 43.09375 0.0  39.438751220703125 70.89375305175781 0.0  39.7087516784668 70.89375305175781 0.0  39.7087516784668 43.09375 0.0
Q  1  39.7087516784668 43.09375 0.0  39.7087516784668 70.89375305175781 0.0  39.97875213623047 70.89375305175781 0.0  39.97875213623047 43.09375 0.0
Q  1  39.97875213623047 43.09375 0.0  39.97875213623047 70.89375305175781 0.0  40.248748779296875 70.89375305175781 0.0  40.248748779296875 43.09375 0.0
Q  1  39.16875076293945 70.89375305175781 0.0  39.16875076293945 98.69375610351562 0.0  39.438751220703125 98.69375610351562 0.0  39.438751220703125 70.89375305175781 0.0
Q  1  39.438751220703125 70.89375305175781 0.0  39.438751220703125 98.69375610351562 0.0  39.7087516784668 98.69375610351562 0.0  39.7087516784668 70.89375305175781 0.0
Q  1  39.7087516784668 70.89375305175781 0.0  39.7087516784668 98.69375610351562 0.0  39.97875213623047 98.69375610351562 0.0  39.97875213623047 70.89375305175781 0.0
Q  1  39.97875213623047 70.89375305175781 0.0  39.97875213623047 98.69375610351562 0.0  40.248748779296875 98.69375610351562 0.0  40.248748779296875 70.89375305175781 0.0
Q  1  39.16875076293945 98.69375610351562 0.0  39.16875076293945 126.49375915527344 0.0  39.438751220703125 126.49375915527344 0.0  39.438751220703125 98.69375610351562 0.0
Q  1  39.438751220703125 98.69375610351562 0.0  39.438751220703125 126.49375915527344 0.0  39.7087516784668 126.49375915527344 0.0  39.7087516784668 98.69375610351562 0.0
Q  1  39.7087516784668 98.69375610351562 0.0  39.7087516784668 126.49375915527344 0.0  39.97875213623047 126.49375915527344 0.0  39.97875213623047 98.69375610351562 0.0
Q  1  39.97875213623047 98.69375610351562 0.0  39.97875213623047 126.49375915527344 0.0  40.248748779296875 126.49375915527344 0.0  40.248748779296875 98.69375610351562 0.0
Q  1  39.16875076293945 126.49375915527344 0.0  39.16875076293945 154.29376220703125 0.0  39.438751220703125 154.29376220703125 0.0  39.438751220703125 126.49375915527344 0.0
Q  1  39.438751220703125 126.49375915527344 0.0  39.438751220703125 154.29376220703125 0.0  39.7087516784668 154.29376220703125 0.0  39.7087516784668 126.49375915527344 0.0
Q  1  39.7087516784668 126.49375915527344 0.0  39.7087516784668 154.29376220703125 0.0  39.97875213623047 154.29376220703125 0.0  39.97875213623047 126.49375915527344 0.0
Q  1  39.97875213623047 126.49375915527344 0.0  39.97875213623047 154.29376220703125 0.0  40.248748779296875 154.29376220703125 0.0  40.248748779296875 126.49375915527344 0.0
Q  1  39.16875076293945 154.29376220703125 0.0  39.16875076293945 182.09375 0.0  39.438751220703125 182.09375 0.0  39.438751220703125 154.29376220703125 0.0
Q  1  39.438751220703125 154.29376220703125 0.0  39.438751220703125 182.09375 0.0  39.7087516784668 182.09375 0.0  39.7087516784668 154.29376220703125 0.0
Q  1  39.7087516784668 154.29376220703125 0.0  39.7087516784668 182.09375 0.0  39.97875213623047 182.09375 0.0  39.97875213623047 154.29376220703125 0.0
Q  1  39.97875213623047 154.29376220703125 0.0  39.97875213623047 182.09375 0.0  40.248748779296875 182.09375 0.0  40.248748779296875 154.29376220703125 0.0
Q  1  34.248748779296875 43.09375 0.0  34.248748779296875 70.89375305175781 0.0  34.51874923706055 70.89375305175781 0.0  34.51874923706055 43.09375 0.0
Q  1  34.248748779296875 70.89375305175781 0.0  34.248748779296875 98.69375610351562 0.0  34.51874923706055 98.69375610351562 0.0  34.51874923706055 70.89375305175781 0.0
Q  1  34.248748779296875 98.69375610351562 0.0  34.248748779296875 126.49375915527344 0.0  34.51874923706055 126.49375915527344 0.0  34.51874923706055 98.69375610351562 0.0
Q  1  34.248748779296875 126.49375915527344 0.0  34.248748779296875 154.29376220703125 0.0  34.51874923706055 154.29376220703125 0.0  34.51874923706055 126.49375915527344 0.0
Q  1  33.16875076293945 43.09375 0.0  33.16875076293945 70.89375305175781 0.0  33.438751220703125 70.89375305175781 0.0  33.438751220703125 43.09375 0.0
Q  1  33.438751220703125 43.09375 0.0  33.438751220703125 70.89375305175781 0.0  33.7087516784668 70.89375305175781 0.0  33.7087516784668 43.09375 0.0
Q  1  33.7087516784668 43.09375 0.0  33.7087516784668 70.89375305175781 0.0  33.97875213623047 70.89375305175781 0.0  33.97875213623047 43.09375 0.0
Q  1  33.97875213623047 43.09375 0.0  33.97875213623047 70.89375305175781 0.0  34.248748779296875 70.89375305175781 0.0  34.248748779296875 43.09375 0.0
Q  1  33.16875076293945 70.89375305175781 0.0  33.16875076293945 98.69375610351562 0.0  33.438751220703125 98.69375610351562 0.0  33.438751220703125 70.89375305175781 0.0
Q  1  33.438751220703125 70.89375305175781 0.0  33.438751220703125 98.69375610351562 0.0  33.7087516784668 98.69375610351562 0.0  33.7087516784668 70.89375305175781 0.0
Q  1  33.7087516784668 70.89375305175781 0.0  33.7087516784668 98.69375610351562 0.0  33.97875213623047 98.69375610351562 0.0  33.97875213623047 70.89375305175781 0.0
Q  1  33.97875213623047 70.89375305175781 0.0  33.97875213623047 98.69375610351562 0.0  34.248748779296875 98.69375610351562 0.0  34.248748779296875 70.89375305175781 0.0
Q  1  33.16875076293945 98.69375610351562 0.0  33.16875076293945 126.49375915527344 0.0  33.438751220703125 126.49375915527344 0.0  33.438751220703125 98.69375610351562 0.0
Q  1  33.438751220703125 98.69375610351562 0.0  33.438751220703125 126.49375915527344 0.0  33.7087516784668 126.49375915527344 0.0  33.7087516784668 98.69375610351562 0.0
Q  1  33.7087516784668 98.69375610351562 0.0  33.7087516784668 126.49375915527344 0.0  33.97875213623047 126.49375915527344 0.0  33.97875213623047 98.69375610351562 0.0
Q  1  33.97875213623047 98.69375610351562 0.0  33.97875213623047 126.49375915527344 0.0  34.248748779296875 126.49375915527344 0.0  34.248748779296875 98.69375610351562 0.0
Q  1  33.16875076293945 126.49375915527344 0.0  33.16875076293945 154.29376220703125 0.0  33.438751220703125 154.29376220703125 0.0  33.438751220703125 126.49375915527344 0.0
Q  1  33.438751220703125 126.49375915527344 0.0  33.438751220703125 154.29376220703125 0.0  33.7087516784668 154.29376220703125 0.0  33.7087516784668 126.49375915527344 0.0
Q  1  33.7087516784668 126.49375915527344 0.0  33.7087516784668 154.29376220703125 0.0  33.97875213623047 154.29376220703125 0.0  33.97875213623047 126.49375915527344 0.0
Q  1  33.97875213623047 126.49375915527344 0.0  33.97875213623047 154.29376220703125 0.0  34.248748779296875 154.29376220703125 0.0  34.248748779296875 126.49375915527344 0.0
Q  1  33.16875076293945 154.29376220703125 0.0  33.16875076293945 182.09375 0.0  33.438751220703125 182.09375 0.0  33.438751220703125 154.29376220703125 0.0
Q  1  33.438751220703125 154.29376220703125 0.0  33.438751220703125 182.09375 0.0  33.7087516784668 182.09375 0.0  33.7087516784668 154.29376220703125 0.0
Q  1  33.7087516784668 154.29376220703125 0.0  33.7087516784668 182.09375 0.0  33.97875213623047 182.09375 0.0  33.97875213623047 154.29376220703125 0.0
Q  1  33.97875213623047 154.29376220703125 0.0  33.97875213623047 182.09375 0.0  34.248748779296875 182.09375 0.0  34.248748779296875 154.29376220703125 0.0
Q  1  28.248748779296875 43.09375 0.0  28.248748779296875 70.89375305175781 0.0  28.518749237060547 70.89375305175781 0.0  28.518749237060547 43.09375 0.0
Q  1  28.248748779296875 70.89375305175781 0.0  28.248748779296875 98.69375610351562 0.0  28.518749237060547 98.69375610351562 0.0  28.518749237060547 70.89375305175781 0.0
Q  1  28.248748779296875 98.69375610351562 0.0  28.248748779296875 126.49375915527344 0.0  28.518749237060547 126.49375915527344 0.0  28.518749237060547 98.69375610351562 0.0
Q  1  28.248748779296875 126.49375915527344 0.0  28.248748779296875 154.29376220703125 0.0  28.518749237060547 154.29376220703125 0.0  28.518749237060547 126.49375915527344 0.0
Q  1  27.168750762939453 43.09375 0.0  27.168750762939453 70.89375305175781 0.0  27.438751220703125 70.89375305175781 0.0  27.438751220703125 43.09375 0.0
Q  1  27.438751220703125 43.09375 0.0  27.438751220703125 70.89375305175781 0.0  27.708751678466797 70.89375305175781 0.0  27.708751678466797 43.09375 0.0
Q  1  27.708751678466797 43.09375 0.0  27.708751678466797 70.89375305175781 0.0  27.978750228881836 70.89375305175781 0.0  27.978750228881836 43.09375 0.0
Q  1  27.978750228881836 43.09375 0.0  27.978750228881836 70.89375305175781 0.0  28.248748779296875 70.89375305175781 0.0  28.248748779296875 43.09375 0.0
Q  1  27.168750762939453 70.89375305175781 0.0  27.168750762939453 98.69375610351562 0.0  27.438751220703125 98.69375610351562 0.0  27.438751220703125 70.89375305175781 0.0
Q  1  27.438751220703125 70.89375305175781 0.0  27.438751220703125 98.69375610351562 0.0  27.708751678466797 98.69375610351562 0.0  27.708751678466797 70.89375305175781 0.0
Q  1  27.708751678466797 70.89375305175781 0.0  27.708751678466797 98.69375610351562 0.0  27.978750228881836 98.69375610351562 0.0  27.978750228881836 70.89375305175781 0.0
Q  1  27.978750228881836 70.89375305175781 0.0  27.978750228881836 98.69375610351562 0.0  28.248748779296875 98.69375610351562 0.0  28.248748779296875 70.89375305175781 0.0
Q  1  27.168750762939453 98.69375610351562 0.0  27.168750762939453 126.49375915527344 0.0  27.438751220703125 126.49375915527344 0.0  27.438751220703125 98.69375610351562 0.0
Q  1  27.438751220703125 98.69375610351562 0.0  27.438751220703125 126.49375915527344 0.0  27.708751678466797 126.49375915527344 0.0  27.708751678466797 98.69375610351562 0.0
Q  1  27.708751678466797 98.69375610351562 0.0  27.708751678466797 126.49375915527344 0.0  27.978750228881836 126.49375915527344 0.0  27.978750228881836 98.69375610351562 0.0
Q  1  27.978750228881836 98.69375610351562 0.0  27.978750228881836 126.49375915527344 0.0  28.248748779296875 126.49375915527344 0.0  28.248748779296875 98.69375610351562 0.0
Q  1  27.168750762939453 126.49375915527344 0.0  27.168750762939453 154.29376220703125 0.0  27.438751220703125 154.29376220703125 0.0  27.438751220703125 126.49375915527344 0.0
Q  1  27.438751220703125 126.49375915527344 0.0  27.438751220703125 154.29376220703125 0.0  27.708751678466797 154.29376220703125 0.0  27.708751678466797 126.49375915527344 0.0
Q  1  27.708751678466797 126.49375915527344 0.0  27.708751678466797 154.29376220703125 0.0  27.978750228881836 154.29376220703125 0.0  27.978750228881836 126.49375915527344 0.0
Q  1  27.978750228881836 126.49375915527344 0.0  27.978750228881836 154.29376220703125 0.0  28.248748779296875 154.29376220703125 0.0  28.248748779296875 126.49375915527344 0.0
Q  1  27.168750762939453 154.29376220703125 0.0  27.168750762939453 182.09375 0.0  27.438751220703125 182.09375 0.0  27.438751220703125 154.29376220703125 0.0
Q  1  27.438751220703125 154.29376220703125 0.0  27.438751220703125 182.09375 0.0  27.708751678466797 182.09375 0.0  27.708751678466797 154.29376220703125 0.0
Q  1  27.708751678466797 154.29376220703125 0.0  27.708751678466797 182.09375 0.0  27.978750228881836 182.09375 0.0  27.978750228881836 154.29376220703125 0.0
Q  1  27.978750228881836 154.29376220703125 0.0  27.978750228881836 182.09375 0.0  28.248748779296875 182.09375 0.0  28.248748779296875 154.29376220703125 0.0
Q  1  22.248748779296875 43.09375 0.0  22.248748779296875 70.89375305175781 0.0  22.518749237060547 70.89375305175781 0.0  22.518749237060547 43.09375 0.0
Q  1  22.248748779296875 70.89375305175781 0.0  22.248748779296875 98.69375610351562 0.0  22.518749237060547 98.69375610351562 0.0  22.518749237060547 70.89375305175781 0.0
Q  1  22.248748779296875 98.69375610351562 0.0  22.248748779296875 126.49375915527344 0.0  22.518749237060547 126.49375915527344 0.0  22.518749237060547 98.69375610351562 0.0
Q  1  22.248748779296875 126.49375915527344 0.0  22.248748779296875 154.29376220703125 0.0  22.518749237060547 154.29376220703125 0.0  22.518749237060547 126.49375915527344 0.0
Q  1  21.168750762939453 43.09375 0.0  21.168750762939453 70.89375305175781 0.0  21.438751220703125 70.89375305175781 0.0  21.438751220703125 43.09375 0.0
Q  1  21.438751220703125 43.09375 0.0  21.438751220703125 70.89375305175781 0.0  21.708751678466797 70.89375305175781 0.0  21.708751678466797 43.09375 0.0
Q  1  21.708751678466797 43.09375 0.0  21.708751678466797 70.89375305175781 0.0  21.978750228881836 70.89375305175781 0.0  21.978750228881836 43.09375 0.0
Q  1  21.978750228881836 43.09375 0.0  21.978750228881836 70.89375305175781 0.0  22.248748779296875 70.89375305175781 0.0  22.248748779296875 43.09375 0.0
Q  1  21.168750762939453 70.89375305175781 0.0  21.168750762939453 98.69375610351562 0.0  21.438751220703125 98.69375610351562 0.0  21.438751220703125 70.89375305175781 0.0
Q  1  21.438751220703125 70.89375305175781 0.0  21.438751220703125 98.69375610351562 0.0  21.708751678466797 98.69375610351562 0.0  21.708751678466797 70.89375305175781 0.0
Q  1  21.708751678466797 70.89375305175781 0.0  21.708751678466797 98.69375610351562 0.0  21.978750228881836 98.69375610351562 0.0  21.978750228881836 70.89375305175781 0.0
Q  1  21.978750228881836 70.89375305175781 0.0  21.978750228881836 98.69375610351562 0.0  22.248748779296875 98.69375610351562 0.0  22.248748779296875 70.89375305175781 0.0
Q  1  21.168750762939453 98.69375610351562 0.0  21.168750762939453 126.49375915527344 0.0  21.438751220703125 126.49375915527344 0.0  21.438751220703125 98.69375610351562 0.0
Q  1  21.438751220703125 98.69375610351562 0.0  21.438751220703125 126.49375915527344 0.0  21.708751678466797 126.49375915527344 0.0  21.708751678466797 98.69375610351562 0.0
Q  1  21.708751678466797 98.69375610351562 0.0  21.708751678466797 126.49375915527344 0.0  21.978750228881836 126.49375915527344 0.0  21.978750228881836 98.69375610351562 0.0
Q  1  21.978750228881836 98.69375610351562 0.0  21.978750228881836 126.49375915527344 0.0  22.248748779296875 126.49375915527344 0.0  22.248748779296875 98.69375610351562 0.0
Q  1  21.168750762939453 126.49375915527344 0.0  21.168750762939453 154.29376220703125 0.0  21.438751220703125 154.29376220703125 0.0  21.438751220703125 126.49375915527344 0.0
Q  1  21.438751220703125 126.49375915527344 0.0  21.438751220703125 154.29376220703125 0.0  21.708751678466797 154.29376220703125 0.0  21.708751678466797 126.49375915527344 0.0
Q  1  21.708751678466797 126.49375915527344 0.0  21.708751678466797 154.29376220703125 0.0  21.978750228881836 154.29376220703125 0.0  21.978750228881836 126.49375915527344 0.0
Q  1  21.978750228881836 126.49375915527344 0.0  21.978750228881836 154.29376220703125 0.0  22.248748779296875 154.29376220703125 0.0  22.248748779296875 126.49375915527344 0.0
Q  1  21.168750762939453 154.29376220703125 0.0  21.168750762939453 182.09375 0.0  21.438751220703125 182.09375 0.0  21.438751220703125 154.29376220703125 0.0
Q  1  21.438751220703125 154.29376220703125 0.0  21.438751220703125 182.09375 0.0  21.708751678466797 182.09375 0.0  21.708751678466797 154.29376220703125 0.0
Q  1  21.708751678466797 154.29376220703125 0.0  21.708751678466797 182.09375 0.0  21.978750228881836 182.09375 0.0  21.978750228881836 154.29376220703125 0.0
Q  1  21.978750228881836 154.29376220703125 0.0  21.978750228881836 182.09375 0.0  22.248748779296875 182.09375 0.0  22.248748779296875 154.29376220703125 0.0
Q  1  16.248748779296875 43.09375 0.0  16.248748779296875 70.89375305175781 0.0  16.518749237060547 70.89375305175781 0.0  16.518749237060547 43.09375 0.0
Q  1  16.248748779296875 70.89375305175781 0.0  16.248748779296875 98.69375610351562 0.0  16.518749237060547 98.69375610351562 0.0  16.518749237060547 70.89375305175781 0.0
Q  1  16.248748779296875 98.69375610351562 0.0  16.248748779296875 126.49375915527344 0.0  16.518749237060547 126.49375915527344 0.0  16.518749237060547 98.69375610351562 0.0
Q  1  16.248748779296875 126.49375915527344 0.0  16.248748779296875 154.29376220703125 0.0  16.518749237060547 154.29376220703125 0.0  16.518749237060547 126.49375915527344 0.0
Q  1  15.168749809265137 43.09375 0.0  15.168749809265137 70.89375305175781 0.0  15.438749313354492 70.89375305175781 0.0  15.438749313354492 43.09375 0.0
Q  1  15.438749313354492 43.09375 0.0  15.438749313354492 70.89375305175781 0.0  15.708749771118164 70.89375305175781 0.0  15.708749771118164 43.09375 0.0
Q  1  15.708749771118164 43.09375 0.0  15.708749771118164 70.89375305175781 0.0  15.97874927520752 70.89375305175781 0.0  15.97874927520752 43.09375 0.0
Q  1  15.97874927520752 43.09375 0.0  15.97874927520752 70.89375305175781 0.0  16.248748779296875 70.89375305175781 0.0  16.248748779296875 43.09375 0.0
Q  1  15.168749809265137 70.89375305175781 0.0  15.168749809265137 98.69375610351562 0.0  15.438749313354492 98.69375610351562 0.0  15.438749313354492 70.89375305175781 0.0
Q  1  15.438749313354492 70.89375305175781 0.0  15.438749313354492 98.69375610351562 0.0  15.708749771118164 98.69375610351562 0.0  15.708749771118164 70.89375305175781 0.0
Q  1  15.708749771118164 70.89375305175781 0.0  15.708749771118164 98.69375610351562 0.0  15.97874927520752 98.69375610351562 0.0  15.97874927520752 70.89375305175781 0.0
Q  1  15.97874927520752 70.89375305175781 0.0  15.97874927520752 98.69375610351562 0.0  16.248748779296875 98.69375610351562 0.0  16.248748779296875 70.89375305175781 0.0
Q  1  15.168749809265137 98.69375610351562 0.0  15.168749809265137 126.49375915527344 0.0  15.438749313354492 126.49375915527344 0.0  15.438749313354492 98.69375610351562 0.0
Q  1  15.438749313354492 98.69375610351562 0.0  15.438749313354492 126.49375915527344 0.0  15.708749771118164 126.49375915527344 0.0  15.708749771118164 98.69375610351562 0.0
Q  1  15.708749771118164 98.69375610351562 0.0  15.708749771118164 126.49375915527344 0.0  15.97874927520752 126.49375915527344 0.0  15.97874927520752 98.69375610351562 0.0
Q  1  15.97874927520752 98.69375610351562 0.0  15.97874927520752 126.49375915527344 0.0  16.248748779296875 126.49375915527344 0.0  16.248748779296875 98.69375610351562 0.0
Q  1  15.168749809265137 126.49375915527344 0.0  15.168749809265137 154.29376220703125 0.0  15.438749313354492 154.29376220703125 0.0  15.438749313354492 126.49375915527344 0.0
Q  1  15.438749313354492 126.49375915527344 0.0  15.438749313354492 154.29376220703125 0.0  15.708749771118164 154.29376220703125 0.0  15.708749771118164 126.49375915527344 0.0
Q  1  15.708749771118164 126.49375915527344 0.0  15.708749771118164 154.29376220703125 0.0  15.97874927520752 154.29376220703125 0.0  15.97874927520752 126.49375915527344 0.0
Q  1  15.97874927520752 126.49375915527344 0.0  15.97874927520752 154.29376220703125 0.0  16.248748779296875 154.29376220703125 0.0  16.248748779296875 126.49375915527344 0.0
Q  1  15.168749809265137 154.29376220703125 0.0  15.168749809265137 182.09375 0.0  15.438749313354492 182.09375 0.0  15.438749313354492 154.29376220703125 0.0
Q  1  15.438749313354492 154.29376220703125 0.0  15.438749313354492 182.09375 0.0  15.708749771118164 182.09375 0.0  15.708749771118164 154.29376220703125 0.0
Q  1  15.708749771118164 154.29376220703125 0.0  15.708749771118164 182.09375 0.0  15.97874927520752 182.09375 0.0  15.97874927520752 154.29376220703125 0.0
Q  1  15.97874927520752 154.29376220703125 0.0  15.97874927520752 182.09375 0.0  16.248748779296875 182.09375 0.0  16.248748779296875 154.29376220703125 0.0
N  1  Lower