0  Dummy_Only_top_diel
Q  1  19.248748779296875 155.94375610351562 0.0  19.248748779296875 183.74374389648438 0.0  19.518749237060547 183.74374389648438 0.0  19.518749237060547 155.94375610351562 0.0
Q  1  25.248748779296875 155.94375610351562 0.0  25.248748779296875 183.74374389648438 0.0  25.518749237060547 183.74374389648438 0.0  25.518749237060547 155.94374084472656 0.0
Q  1  31.248748779296875 155.94375610351562 0.0  31.248748779296875 183.74374389648438 0.0  31.518749237060547 183.74374389648438 0.0  31.518749237060547 155.94374084472656 0.0
Q  1  37.248748779296875 155.94375610351562 0.0  37.248748779296875 183.74374389648438 0.0  37.51874923706055 183.74374389648438 0.0  37.51874923706055 155.94374084472656 0.0
Q  1  43.248748779296875 155.94375610351562 0.0  43.248748779296875 183.74374389648438 0.0  43.51874923706055 183.74374389648438 0.0  43.51874923706055 155.94374084472656 0.0
Q  1  49.248748779296875 155.94375610351562 0.0  49.248748779296875 183.74374389648438 0.0  49.51874923706055 183.74374389648438 0.0  49.51874923706055 155.94374084472656 0.0
Q  1  55.248748779296875 155.94375610351562 0.0  55.248748779296875 183.74374389648438 0.0  55.51874923706055 183.74374389648438 0.0  55.51874923706055 155.94374084472656 0.0
Q  1  61.248748779296875 155.94375610351562 0.0  61.248748779296875 183.74374389648438 0.0  61.51874923706055 183.74374389648438 0.0  61.51874923706055 155.94374084472656 0.0
Q  1  67.24874877929688 155.94375610351562 0.0  67.24874877929688 183.74374389648438 0.0  67.51875305175781 183.74374389648438 0.0  67.51875305175781 155.94374084472656 0.0
Q  1  73.24874877929688 155.94375610351562 0.0  73.24874877929688 183.74374389648438 0.0  73.51875305175781 183.74374389648438 0.0  73.51875305175781 155.94374084472656 0.0
Q  1  79.24874877929688 155.94375610351562 0.0  79.24874877929688 183.74374389648438 0.0  79.51875305175781 183.74374389648438 0.0  79.51875305175781 155.94374084472656 0.0
Q  1  85.24874877929688 155.94375610351562 0.0  85.24874877929688 183.74374389648438 0.0  85.51875305175781 183.74374389648438 0.0  85.51875305175781 155.94374084472656 0.0
Q  1  91.24874877929688 155.94375610351562 0.0  91.24874877929688 183.74374389648438 0.0  91.51875305175781 183.74374389648438 0.0  91.51875305175781 155.94374084472656 0.0
Q  1  97.24874877929688 155.94375610351562 0.0  97.24874877929688 183.74374389648438 0.0  97.51875305175781 183.74374389648438 0.0  97.51875305175781 155.94374084472656 0.0
Q  1  103.24874877929688 155.94375610351562 0.0  103.24874877929688 183.74374389648438 0.0  103.51875305175781 183.74374389648438 0.0  103.51875305175781 155.94374084472656 0.0
Q  1  109.24874877929688 155.94375610351562 0.0  109.24874877929688 183.74374389648438 0.0  109.51875305175781 183.74374389648438 0.0  109.51875305175781 155.94374084472656 0.0
Q  1  115.24874877929688 155.94375610351562 0.0  115.24874877929688 183.74374389648438 0.0  115.51875305175781 183.74374389648438 0.0  115.51875305175781 155.94374084472656 0.0
Q  1  121.24874877929688 155.94375610351562 0.0  121.24874877929688 183.74374389648438 0.0  121.51875305175781 183.74374389648438 0.0  121.51875305175781 155.94374084472656 0.0
Q  1  127.24874877929688 155.94375610351562 0.0  127.24874877929688 183.74374389648438 0.0  127.51875305175781 183.74374389648438 0.0  127.51875305175781 155.94374084472656 0.0
Q  1  133.24874877929688 155.94375610351562 0.0  133.24874877929688 183.74374389648438 0.0  133.5187530517578 183.74374389648438 0.0  133.5187530517578 155.94374084472656 0.0
Q  1  112.24874877929688 200.07174682617188 0.0  112.24874877929688 204.15374755859375 0.0  136.5187530517578 204.15374755859375 0.0  136.5187530517578 200.07174682617188 0.0
Q  1  112.24874877929688 183.74374389648438 0.0  112.24874877929688 187.82574462890625 0.0  136.5187530517578 187.82574462890625 0.0  136.5187530517578 183.74374389648438 0.0
Q  1  112.24874877929688 187.82574462890625 0.0  112.24874877929688 191.90774536132812 0.0  136.5187530517578 191.90774536132812 0.0  136.5187530517578 187.82574462890625 0.0
Q  1  112.24874877929688 191.90774536132812 0.0  112.24874877929688 195.98974609375 0.0  136.5187530517578 195.98974609375 0.0  136.5187530517578 191.90774536132812 0.0
Q  1  112.24874877929688 195.98974609375 0.0  112.24874877929688 200.07174682617188 0.0  136.5187530517578 200.07174682617188 0.0  136.5187530517578 195.98974609375 0.0
Q  1  15.168749809265137 183.74374389648438 0.0  15.168749809265137 187.82574462890625 0.0  39.438751220703125 187.82574462890625 0.0  39.438751220703125 183.74374389648438 0.0
Q  1  39.438751220703125 183.74374389648438 0.0  39.438751220703125 187.82574462890625 0.0  63.7087516784668 187.82574462890625 0.0  63.7087516784668 183.74374389648438 0.0
Q  1  63.7087516784668 183.74374389648438 0.0  63.7087516784668 187.82574462890625 0.0  87.97875213623047 187.82574462890625 0.0  87.97875213623047 183.74374389648438 0.0
Q  1  87.97875213623047 183.74374389648438 0.0  87.97875213623047 187.82574462890625 0.0  112.24874877929688 187.82574462890625 0.0  112.24874877929688 183.74374389648438 0.0
Q  1  15.168749809265137 187.82574462890625 0.0  15.168749809265137 191.90774536132812 0.0  39.438751220703125 191.90774536132812 0.0  39.438751220703125 187.82574462890625 0.0
Q  1  39.438751220703125 187.82574462890625 0.0  39.438751220703125 191.90774536132812 0.0  63.7087516784668 191.90774536132812 0.0  63.7087516784668 187.82574462890625 0.0
Q  1  63.7087516784668 187.82574462890625 0.0  63.7087516784668 191.90774536132812 0.0  87.97875213623047 191.90774536132812 0.0  87.97875213623047 187.82574462890625 0.0
Q  1  87.97875213623047 187.82574462890625 0.0  87.97875213623047 191.90774536132812 0.0  112.24874877929688 191.90774536132812 0.0  112.24874877929688 187.82574462890625 0.0
Q  1  15.168749809265137 191.90774536132812 0.0  15.168749809265137 195.98974609375 0.0  39.438751220703125 195.98974609375 0.0  39.438751220703125 191.90774536132812 0.0
Q  1  39.438751220703125 191.90774536132812 0.0  39.438751220703125 195.98974609375 0.0  63.7087516784668 195.98974609375 0.0  63.7087516784668 191.90774536132812 0.0
Q  1  63.7087516784668 191.90774536132812 0.0  63.7087516784668 195.98974609375 0.0  87.97875213623047 195.98974609375 0.0  87.97875213623047 191.90774536132812 0.0
Q  1  87.97875213623047 191.90774536132812 0.0  87.97875213623047 195.98974609375 0.0  112.24874877929688 195.98974609375 0.0  112.24874877929688 191.90774536132812 0.0
Q  1  15.168749809265137 195.98974609375 0.0  15.168749809265137 200.07174682617188 0.0  39.438751220703125 200.07174682617188 0.0  39.438751220703125 195.98974609375 0.0
Q  1  39.438751220703125 195.98974609375 0.0  39.438751220703125 200.07174682617188 0.0  63.7087516784668 200.07174682617188 0.0  63.7087516784668 195.98974609375 0.0
Q  1  63.7087516784668 195.98974609375 0.0  63.7087516784668 200.07174682617188 0.0  87.97875213623047 200.07174682617188 0.0  87.97875213623047 195.98974609375 0.0
Q  1  87.97875213623047 195.98974609375 0.0  87.97875213623047 200.07174682617188 0.0  112.24874877929688 200.07174682617188 0.0  112.24874877929688 195.98974609375 0.0
Q  1  15.168749809265137 200.07174682617188 0.0  15.168749809265137 204.15374755859375 0.0  39.438751220703125 204.15374755859375 0.0  39.438751220703125 200.07174682617188 0.0
Q  1  39.438751220703125 200.07174682617188 0.0  39.438751220703125 204.15374755859375 0.0  63.7087516784668 204.15374755859375 0.0  63.7087516784668 200.07174682617188 0.0
Q  1  63.7087516784668 200.07174682617188 0.0  63.7087516784668 204.15374755859375 0.0  87.97875213623047 204.15374755859375 0.0  87.97875213623047 200.07174682617188 0.0
Q  1  87.97875213623047 200.07174682617188 0.0  87.97875213623047 204.15374755859375 0.0  112.24874877929688 204.15374755859375 0.0  112.24874877929688 200.07174682617188 0.0
Q  1  133.24874877929688 44.743751525878906 0.0  133.24874877929688 72.54374694824219 0.0  133.5187530517578 72.54374694824219 0.0  133.5187530517578 44.743751525878906 0.0
Q  1  133.24874877929688 72.54374694824219 0.0  133.24874877929688 100.34375 0.0  133.5187530517578 100.34374237060547 0.0  133.5187530517578 72.54374694824219 0.0
Q  1  133.24874877929688 100.34375 0.0  133.24874877929688 128.14373779296875 0.0  133.5187530517578 128.14373779296875 0.0  133.5187530517578 100.34374237060547 0.0
Q  1  133.24874877929688 128.14373779296875 0.0  133.24874877929688 155.94375610351562 0.0  133.5187530517578 155.94374084472656 0.0  133.5187530517578 128.14373779296875 0.0
Q  1  132.1687469482422 44.743751525878906 0.0  132.1687469482422 72.54375457763672 0.0  132.43875122070312 72.54375457763672 0.0  132.43875122070312 44.743751525878906 0.0
Q  1  132.43875122070312 44.743751525878906 0.0  132.43875122070312 72.54375457763672 0.0  132.70875549316406 72.54375457763672 0.0  132.70875549316406 44.743751525878906 0.0
Q  1  132.70875549316406 44.743751525878906 0.0  132.70875549316406 72.54375457763672 0.0  132.978759765625 72.54375457763672 0.0  132.978759765625 44.743751525878906 0.0
Q  1  132.978759765625 44.743751525878906 0.0  132.978759765625 72.54375457763672 0.0  133.24874877929688 72.54374694824219 0.0  133.24874877929688 44.743751525878906 0.0
Q  1  132.1687469482422 72.54375457763672 0.0  132.1687469482422 100.34375 0.0  132.43875122070312 100.34375 0.0  132.43875122070312 72.54375457763672 0.0
Q  1  132.43875122070312 72.54375457763672 0.0  132.43875122070312 100.34375 0.0  132.70875549316406 100.34375 0.0  132.70875549316406 72.54375457763672 0.0
Q  1  132.70875549316406 72.54375457763672 0.0  132.70875549316406 100.34375 0.0  132.978759765625 100.34375 0.0  132.978759765625 72.54375457763672 0.0
Q  1  132.978759765625 72.54375457763672 0.0  132.978759765625 100.34375 0.0  133.24874877929688 100.34375 0.0  133.24874877929688 72.54374694824219 0.0
Q  1  132.1687469482422 100.34375 0.0  132.1687469482422 128.1437530517578 0.0  132.43875122070312 128.1437530517578 0.0  132.43875122070312 100.34375 0.0
Q  1  132.43875122070312 100.34375 0.0  132.43875122070312 128.1437530517578 0.0  132.70875549316406 128.1437530517578 0.0  132.70875549316406 100.34375 0.0
Q  1  132.70875549316406 100.34375 0.0  132.70875549316406 128.1437530517578 0.0  132.978759765625 128.1437530517578 0.0  132.978759765625 100.34375 0.0
Q  1  132.978759765625 100.34375 0.0  132.978759765625 128.1437530517578 0.0  133.24874877929688 128.14373779296875 0.0  133.24874877929688 100.34375 0.0
Q  1  132.1687469482422 128.1437530517578 0.0  132.1687469482422 155.94375610351562 0.0  132.43875122070312 155.94375610351562 0.0  132.43875122070312 128.1437530517578 0.0
Q  1  132.43875122070312 128.1437530517578 0.0  132.43875122070312 155.94375610351562 0.0  132.70875549316406 155.94375610351562 0.0  132.70875549316406 128.1437530517578 0.0
Q  1  132.70875549316406 128.1437530517578 0.0  132.70875549316406 155.94375610351562 0.0  132.978759765625 155.94375610351562 0.0  132.978759765625 128.1437530517578 0.0
Q  1  132.978759765625 128.1437530517578 0.0  132.978759765625 155.94375610351562 0.0  133.24874877929688 155.94375610351562 0.0  133.24874877929688 128.14373779296875 0.0
Q  1  132.1687469482422 155.94375610351562 0.0  132.1687469482422 183.74374389648438 0.0  132.43875122070312 183.74374389648438 0.0  132.43875122070312 155.94375610351562 0.0
Q  1  132.43875122070312 155.94375610351562 0.0  132.43875122070312 183.74374389648438 0.0  132.70875549316406 183.74374389648438 0.0  132.70875549316406 155.94375610351562 0.0
Q  1  132.70875549316406 155.94375610351562 0.0  132.70875549316406 183.74374389648438 0.0  132.978759765625 183.74374389648438 0.0  132.978759765625 155.94375610351562 0.0
Q  1  132.978759765625 155.94375610351562 0.0  132.978759765625 183.74374389648438 0.0  133.24874877929688 183.74374389648438 0.0  133.24874877929688 155.94375610351562 0.0
Q  1  127.24874877929688 44.743751525878906 0.0  127.24874877929688 72.54374694824219 0.0  127.51875305175781 72.54374694824219 0.0  127.51875305175781 44.743751525878906 0.0
Q  1  127.24874877929688 72.54374694824219 0.0  127.24874877929688 100.34375 0.0  127.51875305175781 100.34374237060547 0.0  127.51875305175781 72.54374694824219 0.0
Q  1  127.24874877929688 100.34375 0.0  127.24874877929688 128.14373779296875 0.0  127.51875305175781 128.14373779296875 0.0  127.51875305175781 100.34374237060547 0.0
Q  1  127.24874877929688 128.14373779296875 0.0  127.24874877929688 155.94375610351562 0.0  127.51875305175781 155.94374084472656 0.0  127.51875305175781 128.14373779296875 0.0
Q  1  126.16874694824219 44.743751525878906 0.0  126.16874694824219 72.54375457763672 0.0  126.43875122070312 72.54375457763672 0.0  126.43875122070312 44.743751525878906 0.0
Q  1  126.43875122070312 44.743751525878906 0.0  126.43875122070312 72.54375457763672 0.0  126.70875549316406 72.54375457763672 0.0  126.70874786376953 44.743751525878906 0.0
Q  1  126.70874786376953 44.743751525878906 0.0  126.70875549316406 72.54375457763672 0.0  126.97875213623047 72.54375457763672 0.0  126.97874450683594 44.743751525878906 0.0
Q  1  126.97874450683594 44.743751525878906 0.0  126.97875213623047 72.54375457763672 0.0  127.24874877929688 72.54374694824219 0.0  127.24874877929688 44.743751525878906 0.0
Q  1  126.16874694824219 72.54375457763672 0.0  126.16874694824219 100.34375 0.0  126.43875122070312 100.34375 0.0  126.43875122070312 72.54375457763672 0.0
Q  1  126.43875122070312 72.54375457763672 0.0  126.43875122070312 100.34375 0.0  126.70875549316406 100.34375 0.0  126.70875549316406 72.54375457763672 0.0
Q  1  126.70875549316406 72.54375457763672 0.0  126.70875549316406 100.34375 0.0  126.97875213623047 100.34375 0.0  126.97875213623047 72.54375457763672 0.0
Q  1  126.97875213623047 72.54375457763672 0.0  126.97875213623047 100.34375 0.0  127.24874877929688 100.34375 0.0  127.24874877929688 72.54374694824219 0.0
Q  1  126.16874694824219 100.34375 0.0  126.16874694824219 128.1437530517578 0.0  126.43875122070312 128.1437530517578 0.0  126.43875122070312 100.34375 0.0
Q  1  126.43875122070312 100.34375 0.0  126.43875122070312 128.1437530517578 0.0  126.70875549316406 128.1437530517578 0.0  126.70875549316406 100.34375 0.0
Q  1  126.70875549316406 100.34375 0.0  126.70875549316406 128.1437530517578 0.0  126.97875213623047 128.1437530517578 0.0  126.97875213623047 100.34375 0.0
Q  1  126.97875213623047 100.34375 0.0  126.97875213623047 128.1437530517578 0.0  127.24874877929688 128.14373779296875 0.0  127.24874877929688 100.34375 0.0
Q  1  126.16874694824219 128.1437530517578 0.0  126.16874694824219 155.94375610351562 0.0  126.43875122070312 155.94375610351562 0.0  126.43875122070312 128.1437530517578 0.0
Q  1  126.43875122070312 128.1437530517578 0.0  126.43875122070312 155.94375610351562 0.0  126.70875549316406 155.94375610351562 0.0  126.70875549316406 128.1437530517578 0.0
Q  1  126.70875549316406 128.1437530517578 0.0  126.70875549316406 155.94375610351562 0.0  126.97875213623047 155.94375610351562 0.0  126.97875213623047 128.1437530517578 0.0
Q  1  126.97875213623047 128.1437530517578 0.0  126.97875213623047 155.94375610351562 0.0  127.24874877929688 155.94375610351562 0.0  127.24874877929688 128.14373779296875 0.0
Q  1  126.16874694824219 155.94375610351562 0.0  126.16874694824219 183.74374389648438 0.0  126.43875122070312 183.74374389648438 0.0  126.43875122070312 155.94375610351562 0.0
Q  1  126.43875122070312 155.94375610351562 0.0  126.43875122070312 183.74374389648438 0.0  126.70875549316406 183.74374389648438 0.0  126.70875549316406 155.94375610351562 0.0
Q  1  126.70875549316406 155.94375610351562 0.0  126.70875549316406 183.74374389648438 0.0  126.97875213623047 183.74374389648438 0.0  126.97875213623047 155.94375610351562 0.0
Q  1  126.97875213623047 155.94375610351562 0.0  126.97875213623047 183.74374389648438 0.0  127.24874877929688 183.74374389648438 0.0  127.24874877929688 155.94375610351562 0.0
Q  1  121.24874877929688 44.743751525878906 0.0  121.24874877929688 72.54374694824219 0.0  121.51875305175781 72.54374694824219 0.0  121.51875305175781 44.743751525878906 0.0
Q  1  121.24874877929688 72.54374694824219 0.0  121.24874877929688 100.34375 0.0  121.51875305175781 100.34374237060547 0.0  121.51875305175781 72.54374694824219 0.0
Q  1  121.24874877929688 100.34375 0.0  121.24874877929688 128.14373779296875 0.0  121.51875305175781 128.14373779296875 0.0  121.51875305175781 100.34374237060547 0.0
Q  1  121.24874877929688 128.14373779296875 0.0  121.24874877929688 155.94375610351562 0.0  121.51875305175781 155.94374084472656 0.0  121.51875305175781 128.14373779296875 0.0
Q  1  120.16874694824219 44.743751525878906 0.0  120.16874694824219 72.54375457763672 0.0  120.43875122070312 72.54375457763672 0.0  120.43875122070312 44.743751525878906 0.0
Q  1  120.43875122070312 44.743751525878906 0.0  120.43875122070312 72.54375457763672 0.0  120.70875549316406 72.54375457763672 0.0  120.70874786376953 44.743751525878906 0.0
Q  1  120.70874786376953 44.743751525878906 0.0  120.70875549316406 72.54375457763672 0.0  120.97875213623047 72.54375457763672 0.0  120.97874450683594 44.743751525878906 0.0
Q  1  120.97874450683594 44.743751525878906 0.0  120.97875213623047 72.54375457763672 0.0  121.24874877929688 72.54374694824219 0.0  121.24874877929688 44.743751525878906 0.0
Q  1  120.16874694824219 72.54375457763672 0.0  120.16874694824219 100.34375 0.0  120.43875122070312 100.34375 0.0  120.43875122070312 72.54375457763672 0.0
Q  1  120.43875122070312 72.54375457763672 0.0  120.43875122070312 100.34375 0.0  120.70875549316406 100.34375 0.0  120.70875549316406 72.54375457763672 0.0
Q  1  120.70875549316406 72.54375457763672 0.0  120.70875549316406 100.34375 0.0  120.97875213623047 100.34375 0.0  120.97875213623047 72.54375457763672 0.0
Q  1  120.97875213623047 72.54375457763672 0.0  120.97875213623047 100.34375 0.0  121.24874877929688 100.34375 0.0  121.24874877929688 72.54374694824219 0.0
Q  1  120.16874694824219 100.34375 0.0  120.16874694824219 128.1437530517578 0.0  120.43875122070312 128.1437530517578 0.0  120.43875122070312 100.34375 0.0
Q  1  120.43875122070312 100.34375 0.0  120.43875122070312 128.1437530517578 0.0  120.70875549316406 128.1437530517578 0.0  120.70875549316406 100.34375 0.0
Q  1  120.70875549316406 100.34375 0.0  120.70875549316406 128.1437530517578 0.0  120.97875213623047 128.1437530517578 0.0  120.97875213623047 100.34375 0.0
Q  1  120.97875213623047 100.34375 0.0  120.97875213623047 128.1437530517578 0.0  121.24874877929688 128.14373779296875 0.0  121.24874877929688 100.34375 0.0
Q  1  120.16874694824219 128.1437530517578 0.0  120.16874694824219 155.94375610351562 0.0  120.43875122070312 155.94375610351562 0.0  120.43875122070312 128.1437530517578 0.0
Q  1  120.43875122070312 128.1437530517578 0.0  120.43875122070312 155.94375610351562 0.0  120.70875549316406 155.94375610351562 0.0  120.70875549316406 128.1437530517578 0.0
Q  1  120.70875549316406 128.1437530517578 0.0  120.70875549316406 155.94375610351562 0.0  120.97875213623047 155.94375610351562 0.0  120.97875213623047 128.1437530517578 0.0
Q  1  120.97875213623047 128.1437530517578 0.0  120.97875213623047 155.94375610351562 0.0  121.24874877929688 155.94375610351562 0.0  121.24874877929688 128.14373779296875 0.0
Q  1  120.16874694824219 155.94375610351562 0.0  120.16874694824219 183.74374389648438 0.0  120.43875122070312 183.74374389648438 0.0  120.43875122070312 155.94375610351562 0.0
Q  1  120.43875122070312 155.94375610351562 0.0  120.43875122070312 183.74374389648438 0.0  120.70875549316406 183.74374389648438 0.0  120.70875549316406 155.94375610351562 0.0
Q  1  120.70875549316406 155.94375610351562 0.0  120.70875549316406 183.74374389648438 0.0  120.97875213623047 183.74374389648438 0.0  120.97875213623047 155.94375610351562 0.0
Q  1  120.97875213623047 155.94375610351562 0.0  120.97875213623047 183.74374389648438 0.0  121.24874877929688 183.74374389648438 0.0  121.24874877929688 155.94375610351562 0.0
Q  1  115.24874877929688 44.743751525878906 0.0  115.24874877929688 72.54374694824219 0.0  115.51875305175781 72.54374694824219 0.0  115.51875305175781 44.743751525878906 0.0
Q  1  115.24874877929688 72.54374694824219 0.0  115.24874877929688 100.34375 0.0  115.51875305175781 100.34374237060547 0.0  115.51875305175781 72.54374694824219 0.0
Q  1  115.24874877929688 100.34375 0.0  115.24874877929688 128.14373779296875 0.0  115.51875305175781 128.14373779296875 0.0  115.51875305175781 100.34374237060547 0.0
Q  1  115.24874877929688 128.14373779296875 0.0  115.24874877929688 155.94375610351562 0.0  115.51875305175781 155.94374084472656 0.0  115.51875305175781 128.14373779296875 0.0
Q  1  114.16874694824219 44.743751525878906 0.0  114.16874694824219 72.54375457763672 0.0  114.43875122070312 72.54375457763672 0.0  114.43875122070312 44.743751525878906 0.0
Q  1  114.43875122070312 44.743751525878906 0.0  114.43875122070312 72.54375457763672 0.0  114.70875549316406 72.54375457763672 0.0  114.70874786376953 44.743751525878906 0.0
Q  1  114.70874786376953 44.743751525878906 0.0  114.70875549316406 72.54375457763672 0.0  114.97875213623047 72.54375457763672 0.0  114.97874450683594 44.743751525878906 0.0
Q  1  114.97874450683594 44.743751525878906 0.0  114.97875213623047 72.54375457763672 0.0  115.24874877929688 72.54374694824219 0.0  115.24874877929688 44.743751525878906 0.0
Q  1  114.16874694824219 72.54375457763672 0.0  114.16874694824219 100.34375 0.0  114.43875122070312 100.34375 0.0  114.43875122070312 72.54375457763672 0.0
Q  1  114.43875122070312 72.54375457763672 0.0  114.43875122070312 100.34375 0.0  114.70875549316406 100.34375 0.0  114.70875549316406 72.54375457763672 0.0
Q  1  114.70875549316406 72.54375457763672 0.0  114.70875549316406 100.34375 0.0  114.97875213623047 100.34375 0.0  114.97875213623047 72.54375457763672 0.0
Q  1  114.97875213623047 72.54375457763672 0.0  114.97875213623047 100.34375 0.0  115.24874877929688 100.34375 0.0  115.24874877929688 72.54374694824219 0.0
Q  1  114.16874694824219 100.34375 0.0  114.16874694824219 128.1437530517578 0.0  114.43875122070312 128.1437530517578 0.0  114.43875122070312 100.34375 0.0
Q  1  114.43875122070312 100.34375 0.0  114.43875122070312 128.1437530517578 0.0  114.70875549316406 128.1437530517578 0.0  114.70875549316406 100.34375 0.0
Q  1  114.70875549316406 100.34375 0.0  114.70875549316406 128.1437530517578 0.0  114.97875213623047 128.1437530517578 0.0  114.97875213623047 100.34375 0.0
Q  1  114.97875213623047 100.34375 0.0  114.97875213623047 128.1437530517578 0.0  115.24874877929688 128.14373779296875 0.0  115.24874877929688 100.34375 0.0
Q  1  114.16874694824219 128.1437530517578 0.0  114.16874694824219 155.94375610351562 0.0  114.43875122070312 155.94375610351562 0.0  114.43875122070312 128.1437530517578 0.0
Q  1  114.43875122070312 128.1437530517578 0.0  114.43875122070312 155.94375610351562 0.0  114.70875549316406 155.94375610351562 0.0  114.70875549316406 128.1437530517578 0.0
Q  1  114.70875549316406 128.1437530517578 0.0  114.70875549316406 155.94375610351562 0.0  114.97875213623047 155.94375610351562 0.0  114.97875213623047 128.1437530517578 0.0
Q  1  114.97875213623047 128.1437530517578 0.0  114.97875213623047 155.94375610351562 0.0  115.24874877929688 155.94375610351562 0.0  115.24874877929688 128.14373779296875 0.0
Q  1  114.16874694824219 155.94375610351562 0.0  114.16874694824219 183.74374389648438 0.0  114.43875122070312 183.74374389648438 0.0  114.43875122070312 155.94375610351562 0.0
Q  1  114.43875122070312 155.94375610351562 0.0  114.43875122070312 183.74374389648438 0.0  114.70875549316406 183.74374389648438 0.0  114.70875549316406 155.94375610351562 0.0
Q  1  114.70875549316406 155.94375610351562 0.0  114.70875549316406 183.74374389648438 0.0  114.97875213623047 183.74374389648438 0.0  114.97875213623047 155.94375610351562 0.0
Q  1  114.97875213623047 155.94375610351562 0.0  114.97875213623047 183.74374389648438 0.0  115.24874877929688 183.74374389648438 0.0  115.24874877929688 155.94375610351562 0.0
Q  1  109.24874877929688 44.743751525878906 0.0  109.24874877929688 72.54374694824219 0.0  109.51875305175781 72.54374694824219 0.0  109.51875305175781 44.743751525878906 0.0
Q  1  109.24874877929688 72.54374694824219 0.0  109.24874877929688 100.34375 0.0  109.51875305175781 100.34374237060547 0.0  109.51875305175781 72.54374694824219 0.0
Q  1  109.24874877929688 100.34375 0.0  109.24874877929688 128.14373779296875 0.0  109.51875305175781 128.14373779296875 0.0  109.51875305175781 100.34374237060547 0.0
Q  1  109.24874877929688 128.14373779296875 0.0  109.24874877929688 155.94375610351562 0.0  109.51875305175781 155.94374084472656 0.0  109.51875305175781 128.14373779296875 0.0
Q  1  108.16874694824219 44.743751525878906 0.0  108.16874694824219 72.54375457763672 0.0  108.43875122070312 72.54375457763672 0.0  108.43875122070312 44.743751525878906 0.0
Q  1  108.43875122070312 44.743751525878906 0.0  108.43875122070312 72.54375457763672 0.0  108.70875549316406 72.54375457763672 0.0  108.70874786376953 44.743751525878906 0.0
Q  1  108.70874786376953 44.743751525878906 0.0  108.70875549316406 72.54375457763672 0.0  108.97875213623047 72.54375457763672 0.0  108.97874450683594 44.743751525878906 0.0
Q  1  108.97874450683594 44.743751525878906 0.0  108.97875213623047 72.54375457763672 0.0  109.24874877929688 72.54374694824219 0.0  109.24874877929688 44.743751525878906 0.0
Q  1  108.16874694824219 72.54375457763672 0.0  108.16874694824219 100.34375 0.0  108.43875122070312 100.34375 0.0  108.43875122070312 72.54375457763672 0.0
Q  1  108.43875122070312 72.54375457763672 0.0  108.43875122070312 100.34375 0.0  108.70875549316406 100.34375 0.0  108.70875549316406 72.54375457763672 0.0
Q  1  108.70875549316406 72.54375457763672 0.0  108.70875549316406 100.34375 0.0  108.97875213623047 100.34375 0.0  108.97875213623047 72.54375457763672 0.0
Q  1  108.97875213623047 72.54375457763672 0.0  108.97875213623047 100.34375 0.0  109.24874877929688 100.34375 0.0  109.24874877929688 72.54374694824219 0.0
Q  1  108.16874694824219 100.34375 0.0  108.16874694824219 128.1437530517578 0.0  108.43875122070312 128.1437530517578 0.0  108.43875122070312 100.34375 0.0
Q  1  108.43875122070312 100.34375 0.0  108.43875122070312 128.1437530517578 0.0  108.70875549316406 128.1437530517578 0.0  108.70875549316406 100.34375 0.0
Q  1  108.70875549316406 100.34375 0.0  108.70875549316406 128.1437530517578 0.0  108.97875213623047 128.1437530517578 0.0  108.97875213623047 100.34375 0.0
Q  1  108.97875213623047 100.34375 0.0  108.97875213623047 128.1437530517578 0.0  109.24874877929688 128.14373779296875 0.0  109.24874877929688 100.34375 0.0
Q  1  108.16874694824219 128.1437530517578 0.0  108.16874694824219 155.94375610351562 0.0  108.43875122070312 155.94375610351562 0.0  108.43875122070312 128.1437530517578 0.0
Q  1  108.43875122070312 128.1437530517578 0.0  108.43875122070312 155.94375610351562 0.0  108.70875549316406 155.94375610351562 0.0  108.70875549316406 128.1437530517578 0.0
Q  1  108.70875549316406 128.1437530517578 0.0  108.70875549316406 155.94375610351562 0.0  108.97875213623047 155.94375610351562 0.0  108.97875213623047 128.1437530517578 0.0
Q  1  108.97875213623047 128.1437530517578 0.0  108.97875213623047 155.94375610351562 0.0  109.24874877929688 155.94375610351562 0.0  109.24874877929688 128.14373779296875 0.0
Q  1  108.16874694824219 155.94375610351562 0.0  108.16874694824219 183.74374389648438 0.0  108.43875122070312 183.74374389648438 0.0  108.43875122070312 155.94375610351562 0.0
Q  1  108.43875122070312 155.94375610351562 0.0  108.43875122070312 183.74374389648438 0.0  108.70875549316406 183.74374389648438 0.0  108.70875549316406 155.94375610351562 0.0
Q  1  108.70875549316406 155.94375610351562 0.0  108.70875549316406 183.74374389648438 0.0  108.97875213623047 183.74374389648438 0.0  108.97875213623047 155.94375610351562 0.0
Q  1  108.97875213623047 155.94375610351562 0.0  108.97875213623047 183.74374389648438 0.0  109.24874877929688 183.74374389648438 0.0  109.24874877929688 155.94375610351562 0.0
Q  1  103.24874877929688 44.743751525878906 0.0  103.24874877929688 72.54374694824219 0.0  103.51875305175781 72.54374694824219 0.0  103.51875305175781 44.743751525878906 0.0
Q  1  103.24874877929688 72.54374694824219 0.0  103.24874877929688 100.34375 0.0  103.51875305175781 100.34374237060547 0.0  103.51875305175781 72.54374694824219 0.0
Q  1  103.24874877929688 100.34375 0.0  103.24874877929688 128.14373779296875 0.0  103.51875305175781 128.14373779296875 0.0  103.51875305175781 100.34374237060547 0.0
Q  1  103.24874877929688 128.14373779296875 0.0  103.24874877929688 155.94375610351562 0.0  103.51875305175781 155.94374084472656 0.0  103.51875305175781 128.14373779296875 0.0
Q  1  102.16874694824219 44.743751525878906 0.0  102.16874694824219 72.54375457763672 0.0  102.43875122070312 72.54375457763672 0.0  102.43875122070312 44.743751525878906 0.0
Q  1  102.43875122070312 44.743751525878906 0.0  102.43875122070312 72.54375457763672 0.0  102.70875549316406 72.54375457763672 0.0  102.70874786376953 44.743751525878906 0.0
Q  1  102.70874786376953 44.743751525878906 0.0  102.70875549316406 72.54375457763672 0.0  102.97875213623047 72.54375457763672 0.0  102.97874450683594 44.743751525878906 0.0
Q  1  102.97874450683594 44.743751525878906 0.0  102.97875213623047 72.54375457763672 0.0  103.24874877929688 72.54374694824219 0.0  103.24874877929688 44.743751525878906 0.0
Q  1  102.16874694824219 72.54375457763672 0.0  102.16874694824219 100.34375 0.0  102.43875122070312 100.34375 0.0  102.43875122070312 72.54375457763672 0.0
Q  1  102.43875122070312 72.54375457763672 0.0  102.43875122070312 100.34375 0.0  102.70875549316406 100.34375 0.0  102.70875549316406 72.54375457763672 0.0
Q  1  102.70875549316406 72.54375457763672 0.0  102.70875549316406 100.34375 0.0  102.97875213623047 100.34375 0.0  102.97875213623047 72.54375457763672 0.0
Q  1  102.97875213623047 72.54375457763672 0.0  102.97875213623047 100.34375 0.0  103.24874877929688 100.34375 0.0  103.24874877929688 72.54374694824219 0.0
Q  1  102.16874694824219 100.34375 0.0  102.16874694824219 128.1437530517578 0.0  102.43875122070312 128.1437530517578 0.0  102.43875122070312 100.34375 0.0
Q  1  102.43875122070312 100.34375 0.0  102.43875122070312 128.1437530517578 0.0  102.70875549316406 128.1437530517578 0.0  102.70875549316406 100.34375 0.0
Q  1  102.70875549316406 100.34375 0.0  102.70875549316406 128.1437530517578 0.0  102.97875213623047 128.1437530517578 0.0  102.97875213623047 100.34375 0.0
Q  1  102.97875213623047 100.34375 0.0  102.97875213623047 128.1437530517578 0.0  103.24874877929688 128.14373779296875 0.0  103.24874877929688 100.34375 0.0
Q  1  102.16874694824219 128.1437530517578 0.0  102.16874694824219 155.94375610351562 0.0  102.43875122070312 155.94375610351562 0.0  102.43875122070312 128.1437530517578 0.0
Q  1  102.43875122070312 128.1437530517578 0.0  102.43875122070312 155.94375610351562 0.0  102.70875549316406 155.94375610351562 0.0  102.70875549316406 128.1437530517578 0.0
Q  1  102.70875549316406 128.1437530517578 0.0  102.70875549316406 155.94375610351562 0.0  102.97875213623047 155.94375610351562 0.0  102.97875213623047 128.1437530517578 0.0
Q  1  102.97875213623047 128.1437530517578 0.0  102.97875213623047 155.94375610351562 0.0  103.24874877929688 155.94375610351562 0.0  103.24874877929688 128.14373779296875 0.0
Q  1  102.16874694824219 155.94375610351562 0.0  102.16874694824219 183.74374389648438 0.0  102.43875122070312 183.74374389648438 0.0  102.43875122070312 155.94375610351562 0.0
Q  1  102.43875122070312 155.94375610351562 0.0  102.43875122070312 183.74374389648438 0.0  102.70875549316406 183.74374389648438 0.0  102.70875549316406 155.94375610351562 0.0
Q  1  102.70875549316406 155.94375610351562 0.0  102.70875549316406 183.74374389648438 0.0  102.97875213623047 183.74374389648438 0.0  102.97875213623047 155.94375610351562 0.0
Q  1  102.97875213623047 155.94375610351562 0.0  102.97875213623047 183.74374389648438 0.0  103.24874877929688 183.74374389648438 0.0  103.24874877929688 155.94375610351562 0.0
Q  1  97.24874877929688 44.743751525878906 0.0  97.24874877929688 72.54374694824219 0.0  97.51875305175781 72.54374694824219 0.0  97.51875305175781 44.743751525878906 0.0
Q  1  97.24874877929688 72.54374694824219 0.0  97.24874877929688 100.34375 0.0  97.51875305175781 100.34374237060547 0.0  97.51875305175781 72.54374694824219 0.0
Q  1  97.24874877929688 100.34375 0.0  97.24874877929688 128.14373779296875 0.0  97.51875305175781 128.14373779296875 0.0  97.51875305175781 100.34374237060547 0.0
Q  1  97.24874877929688 128.14373779296875 0.0  97.24874877929688 155.94375610351562 0.0  97.51875305175781 155.94374084472656 0.0  97.51875305175781 128.14373779296875 0.0
Q  1  96.16874694824219 44.743751525878906 0.0  96.16874694824219 72.54375457763672 0.0  96.43875122070312 72.54375457763672 0.0  96.43875122070312 44.743751525878906 0.0
Q  1  96.43875122070312 44.743751525878906 0.0  96.43875122070312 72.54375457763672 0.0  96.70875549316406 72.54375457763672 0.0  96.70874786376953 44.743751525878906 0.0
Q  1  96.70874786376953 44.743751525878906 0.0  96.70875549316406 72.54375457763672 0.0  96.97875213623047 72.54375457763672 0.0  96.97874450683594 44.743751525878906 0.0
Q  1  96.97874450683594 44.743751525878906 0.0  96.97875213623047 72.54375457763672 0.0  97.24874877929688 72.54374694824219 0.0  97.24874877929688 44.743751525878906 0.0
Q  1  96.16874694824219 72.54375457763672 0.0  96.16874694824219 100.34375 0.0  96.43875122070312 100.34375 0.0  96.43875122070312 72.54375457763672 0.0
Q  1  96.43875122070312 72.54375457763672 0.0  96.43875122070312 100.34375 0.0  96.70875549316406 100.34375 0.0  96.70875549316406 72.54375457763672 0.0
Q  1  96.70875549316406 72.54375457763672 0.0  96.70875549316406 100.34375 0.0  96.97875213623047 100.34375 0.0  96.97875213623047 72.54375457763672 0.0
Q  1  96.97875213623047 72.54375457763672 0.0  96.97875213623047 100.34375 0.0  97.24874877929688 100.34375 0.0  97.24874877929688 72.54374694824219 0.0
Q  1  96.16874694824219 100.34375 0.0  96.16874694824219 128.1437530517578 0.0  96.43875122070312 128.1437530517578 0.0  96.43875122070312 100.34375 0.0
Q  1  96.43875122070312 100.34375 0.0  96.43875122070312 128.1437530517578 0.0  96.70875549316406 128.1437530517578 0.0  96.70875549316406 100.34375 0.0
Q  1  96.70875549316406 100.34375 0.0  96.70875549316406 128.1437530517578 0.0  96.97875213623047 128.1437530517578 0.0  96.97875213623047 100.34375 0.0
Q  1  96.97875213623047 100.34375 0.0  96.97875213623047 128.1437530517578 0.0  97.24874877929688 128.14373779296875 0.0  97.24874877929688 100.34375 0.0
Q  1  96.16874694824219 128.1437530517578 0.0  96.16874694824219 155.94375610351562 0.0  96.43875122070312 155.94375610351562 0.0  96.43875122070312 128.1437530517578 0.0
Q  1  96.43875122070312 128.1437530517578 0.0  96.43875122070312 155.94375610351562 0.0  96.70875549316406 155.94375610351562 0.0  96.70875549316406 128.1437530517578 0.0
Q  1  96.70875549316406 128.1437530517578 0.0  96.70875549316406 155.94375610351562 0.0  96.97875213623047 155.94375610351562 0.0  96.97875213623047 128.1437530517578 0.0
Q  1  96.97875213623047 128.1437530517578 0.0  96.97875213623047 155.94375610351562 0.0  97.24874877929688 155.94375610351562 0.0  97.24874877929688 128.14373779296875 0.0
Q  1  96.16874694824219 155.94375610351562 0.0  96.16874694824219 183.74374389648438 0.0  96.43875122070312 183.74374389648438 0.0  96.43875122070312 155.94375610351562 0.0
Q  1  96.43875122070312 155.94375610351562 0.0  96.43875122070312 183.74374389648438 0.0  96.70875549316406 183.74374389648438 0.0  96.70875549316406 155.94375610351562 0.0
Q  1  96.70875549316406 155.94375610351562 0.0  96.70875549316406 183.74374389648438 0.0  96.97875213623047 183.74374389648438 0.0  96.97875213623047 155.94375610351562 0.0
Q  1  96.97875213623047 155.94375610351562 0.0  96.97875213623047 183.74374389648438 0.0  97.24874877929688 183.74374389648438 0.0  97.24874877929688 155.94375610351562 0.0
Q  1  91.24874877929688 44.743751525878906 0.0  91.24874877929688 72.54374694824219 0.0  91.51875305175781 72.54374694824219 0.0  91.51875305175781 44.743751525878906 0.0
Q  1  91.24874877929688 72.54374694824219 0.0  91.24874877929688 100.34375 0.0  91.51875305175781 100.34374237060547 0.0  91.51875305175781 72.54374694824219 0.0
Q  1  91.24874877929688 100.34375 0.0  91.24874877929688 128.14373779296875 0.0  91.51875305175781 128.14373779296875 0.0  91.51875305175781 100.34374237060547 0.0
Q  1  91.24874877929688 128.14373779296875 0.0  91.24874877929688 155.94375610351562 0.0  91.51875305175781 155.94374084472656 0.0  91.51875305175781 128.14373779296875 0.0
Q  1  90.16874694824219 44.743751525878906 0.0  90.16874694824219 72.54375457763672 0.0  90.43875122070312 72.54375457763672 0.0  90.43875122070312 44.743751525878906 0.0
Q  1  90.43875122070312 44.743751525878906 0.0  90.43875122070312 72.54375457763672 0.0  90.70875549316406 72.54375457763672 0.0  90.70875549316406 44.743751525878906 0.0
Q  1  90.70875549316406 44.743751525878906 0.0  90.70875549316406 72.54375457763672 0.0  90.97875213623047 72.54375457763672 0.0  90.97875213623047 44.743751525878906 0.0
Q  1  90.97875213623047 44.743751525878906 0.0  90.97875213623047 72.54375457763672 0.0  91.24874877929688 72.54374694824219 0.0  91.24874877929688 44.743751525878906 0.0
Q  1  90.16874694824219 72.54375457763672 0.0  90.16874694824219 100.34375 0.0  90.43875122070312 100.34375 0.0  90.43875122070312 72.54375457763672 0.0
Q  1  90.43875122070312 72.54375457763672 0.0  90.43875122070312 100.34375 0.0  90.70875549316406 100.34375 0.0  90.70875549316406 72.54375457763672 0.0
Q  1  90.70875549316406 72.54375457763672 0.0  90.70875549316406 100.34375 0.0  90.97875213623047 100.34375 0.0  90.97875213623047 72.54375457763672 0.0
Q  1  90.97875213623047 72.54375457763672 0.0  90.97875213623047 100.34375 0.0  91.24874877929688 100.34375 0.0  91.24874877929688 72.54374694824219 0.0
Q  1  90.16874694824219 100.34375 0.0  90.16874694824219 128.1437530517578 0.0  90.43875122070312 128.1437530517578 0.0  90.43875122070312 100.34375 0.0
Q  1  90.43875122070312 100.34375 0.0  90.43875122070312 128.1437530517578 0.0  90.70875549316406 128.1437530517578 0.0  90.70875549316406 100.34375 0.0
Q  1  90.70875549316406 100.34375 0.0  90.70875549316406 128.1437530517578 0.0  90.97875213623047 128.1437530517578 0.0  90.97875213623047 100.34375 0.0
Q  1  90.97875213623047 100.34375 0.0  90.97875213623047 128.1437530517578 0.0  91.24874877929688 128.14373779296875 0.0  91.24874877929688 100.34375 0.0
Q  1  90.16874694824219 128.1437530517578 0.0  90.16874694824219 155.94375610351562 0.0  90.43875122070312 155.94375610351562 0.0  90.43875122070312 128.1437530517578 0.0
Q  1  90.43875122070312 128.1437530517578 0.0  90.43875122070312 155.94375610351562 0.0  90.70875549316406 155.94375610351562 0.0  90.70875549316406 128.1437530517578 0.0
Q  1  90.70875549316406 128.1437530517578 0.0  90.70875549316406 155.94375610351562 0.0  90.97875213623047 155.94375610351562 0.0  90.97875213623047 128.1437530517578 0.0
Q  1  90.97875213623047 128.1437530517578 0.0  90.97875213623047 155.94375610351562 0.0  91.24874877929688 155.94375610351562 0.0  91.24874877929688 128.14373779296875 0.0
Q  1  90.16874694824219 155.94375610351562 0.0  90.16874694824219 183.74374389648438 0.0  90.43875122070312 183.74374389648438 0.0  90.43875122070312 155.94375610351562 0.0
Q  1  90.43875122070312 155.94375610351562 0.0  90.43875122070312 183.74374389648438 0.0  90.70875549316406 183.74374389648438 0.0  90.70875549316406 155.94375610351562 0.0
Q  1  90.70875549316406 155.94375610351562 0.0  90.70875549316406 183.74374389648438 0.0  90.97875213623047 183.74374389648438 0.0  90.97875213623047 155.94375610351562 0.0
Q  1  90.97875213623047 155.94375610351562 0.0  90.97875213623047 183.74374389648438 0.0  91.24874877929688 183.74374389648438 0.0  91.24874877929688 155.94375610351562 0.0
Q  1  85.24874877929688 44.743751525878906 0.0  85.24874877929688 72.54374694824219 0.0  85.51875305175781 72.54374694824219 0.0  85.51875305175781 44.743751525878906 0.0
Q  1  85.24874877929688 72.54374694824219 0.0  85.24874877929688 100.34375 0.0  85.51875305175781 100.34374237060547 0.0  85.51875305175781 72.54374694824219 0.0
Q  1  85.24874877929688 100.34375 0.0  85.24874877929688 128.14373779296875 0.0  85.51875305175781 128.14373779296875 0.0  85.51875305175781 100.34374237060547 0.0
Q  1  85.24874877929688 128.14373779296875 0.0  85.24874877929688 155.94375610351562 0.0  85.51875305175781 155.94374084472656 0.0  85.51875305175781 128.14373779296875 0.0
Q  1  84.16874694824219 44.743751525878906 0.0  84.16874694824219 72.54375457763672 0.0  84.43875122070312 72.54375457763672 0.0  84.43875122070312 44.743751525878906 0.0
Q  1  84.43875122070312 44.743751525878906 0.0  84.43875122070312 72.54375457763672 0.0  84.70875549316406 72.54375457763672 0.0  84.70874786376953 44.743751525878906 0.0
Q  1  84.70874786376953 44.743751525878906 0.0  84.70875549316406 72.54375457763672 0.0  84.97875213623047 72.54375457763672 0.0  84.97874450683594 44.743751525878906 0.0
Q  1  84.97874450683594 44.743751525878906 0.0  84.97875213623047 72.54375457763672 0.0  85.24874877929688 72.54374694824219 0.0  85.24874877929688 44.743751525878906 0.0
Q  1  84.16874694824219 72.54375457763672 0.0  84.16874694824219 100.34375 0.0  84.43875122070312 100.34375 0.0  84.43875122070312 72.54375457763672 0.0
Q  1  84.43875122070312 72.54375457763672 0.0  84.43875122070312 100.34375 0.0  84.70875549316406 100.34375 0.0  84.70875549316406 72.54375457763672 0.0
Q  1  84.70875549316406 72.54375457763672 0.0  84.70875549316406 100.34375 0.0  84.97875213623047 100.34375 0.0  84.97875213623047 72.54375457763672 0.0
Q  1  84.97875213623047 72.54375457763672 0.0  84.97875213623047 100.34375 0.0  85.24874877929688 100.34375 0.0  85.24874877929688 72.54374694824219 0.0
Q  1  84.16874694824219 100.34375 0.0  84.16874694824219 128.1437530517578 0.0  84.43875122070312 128.1437530517578 0.0  84.43875122070312 100.34375 0.0
Q  1  84.43875122070312 100.34375 0.0  84.43875122070312 128.1437530517578 0.0  84.70875549316406 128.1437530517578 0.0  84.70875549316406 100.34375 0.0
Q  1  84.70875549316406 100.34375 0.0  84.70875549316406 128.1437530517578 0.0  84.97875213623047 128.1437530517578 0.0  84.97875213623047 100.34375 0.0
Q  1  84.97875213623047 100.34375 0.0  84.97875213623047 128.1437530517578 0.0  85.24874877929688 128.14373779296875 0.0  85.24874877929688 100.34375 0.0
Q  1  84.16874694824219 128.1437530517578 0.0  84.16874694824219 155.94375610351562 0.0  84.43875122070312 155.94375610351562 0.0  84.43875122070312 128.1437530517578 0.0
Q  1  84.43875122070312 128.1437530517578 0.0  84.43875122070312 155.94375610351562 0.0  84.70875549316406 155.94375610351562 0.0  84.70875549316406 128.1437530517578 0.0
Q  1  84.70875549316406 128.1437530517578 0.0  84.70875549316406 155.94375610351562 0.0  84.97875213623047 155.94375610351562 0.0  84.97875213623047 128.1437530517578 0.0
Q  1  84.97875213623047 128.1437530517578 0.0  84.97875213623047 155.94375610351562 0.0  85.24874877929688 155.94375610351562 0.0  85.24874877929688 128.14373779296875 0.0
Q  1  84.16874694824219 155.94375610351562 0.0  84.16874694824219 183.74374389648438 0.0  84.43875122070312 183.74374389648438 0.0  84.43875122070312 155.94375610351562 0.0
Q  1  84.43875122070312 155.94375610351562 0.0  84.43875122070312 183.74374389648438 0.0  84.70875549316406 183.74374389648438 0.0  84.70875549316406 155.94375610351562 0.0
Q  1  84.70875549316406 155.94375610351562 0.0  84.70875549316406 183.74374389648438 0.0  84.97875213623047 183.74374389648438 0.0  84.97875213623047 155.94375610351562 0.0
Q  1  84.97875213623047 155.94375610351562 0.0  84.97875213623047 183.74374389648438 0.0  85.24874877929688 183.74374389648438 0.0  85.24874877929688 155.94375610351562 0.0
Q  1  79.24874877929688 44.743751525878906 0.0  79.24874877929688 72.54374694824219 0.0  79.51875305175781 72.54374694824219 0.0  79.51875305175781 44.743751525878906 0.0
Q  1  79.24874877929688 72.54374694824219 0.0  79.24874877929688 100.34375 0.0  79.51875305175781 100.34374237060547 0.0  79.51875305175781 72.54374694824219 0.0
Q  1  79.24874877929688 100.34375 0.0  79.24874877929688 128.14373779296875 0.0  79.51875305175781 128.14373779296875 0.0  79.51875305175781 100.34374237060547 0.0
Q  1  79.24874877929688 128.14373779296875 0.0  79.24874877929688 155.94375610351562 0.0  79.51875305175781 155.94374084472656 0.0  79.51875305175781 128.14373779296875 0.0
Q  1  78.16874694824219 44.743751525878906 0.0  78.16874694824219 72.54375457763672 0.0  78.43875122070312 72.54375457763672 0.0  78.43875122070312 44.743751525878906 0.0
Q  1  78.43875122070312 44.743751525878906 0.0  78.43875122070312 72.54375457763672 0.0  78.70875549316406 72.54375457763672 0.0  78.70874786376953 44.743751525878906 0.0
Q  1  78.70874786376953 44.743751525878906 0.0  78.70875549316406 72.54375457763672 0.0  78.97875213623047 72.54375457763672 0.0  78.97874450683594 44.743751525878906 0.0
Q  1  78.97874450683594 44.743751525878906 0.0  78.97875213623047 72.54375457763672 0.0  79.24874877929688 72.54374694824219 0.0  79.24874877929688 44.743751525878906 0.0
Q  1  78.16874694824219 72.54375457763672 0.0  78.16874694824219 100.34375 0.0  78.43875122070312 100.34375 0.0  78.43875122070312 72.54375457763672 0.0
Q  1  78.43875122070312 72.54375457763672 0.0  78.43875122070312 100.34375 0.0  78.70875549316406 100.34375 0.0  78.70875549316406 72.54375457763672 0.0
Q  1  78.70875549316406 72.54375457763672 0.0  78.70875549316406 100.34375 0.0  78.97875213623047 100.34375 0.0  78.97875213623047 72.54375457763672 0.0
Q  1  78.97875213623047 72.54375457763672 0.0  78.97875213623047 100.34375 0.0  79.24874877929688 100.34375 0.0  79.24874877929688 72.54374694824219 0.0
Q  1  78.16874694824219 100.34375 0.0  78.16874694824219 128.1437530517578 0.0  78.43875122070312 128.1437530517578 0.0  78.43875122070312 100.34375 0.0
Q  1  78.43875122070312 100.34375 0.0  78.43875122070312 128.1437530517578 0.0  78.70875549316406 128.1437530517578 0.0  78.70875549316406 100.34375 0.0
Q  1  78.70875549316406 100.34375 0.0  78.70875549316406 128.1437530517578 0.0  78.97875213623047 128.1437530517578 0.0  78.97875213623047 100.34375 0.0
Q  1  78.97875213623047 100.34375 0.0  78.97875213623047 128.1437530517578 0.0  79.24874877929688 128.14373779296875 0.0  79.24874877929688 100.34375 0.0
Q  1  78.16874694824219 128.1437530517578 0.0  78.16874694824219 155.94375610351562 0.0  78.43875122070312 155.94375610351562 0.0  78.43875122070312 128.1437530517578 0.0
Q  1  78.43875122070312 128.1437530517578 0.0  78.43875122070312 155.94375610351562 0.0  78.70875549316406 155.94375610351562 0.0  78.70875549316406 128.1437530517578 0.0
Q  1  78.70875549316406 128.1437530517578 0.0  78.70875549316406 155.94375610351562 0.0  78.97875213623047 155.94375610351562 0.0  78.97875213623047 128.1437530517578 0.0
Q  1  78.97875213623047 128.1437530517578 0.0  78.97875213623047 155.94375610351562 0.0  79.24874877929688 155.94375610351562 0.0  79.24874877929688 128.14373779296875 0.0
Q  1  78.16874694824219 155.94375610351562 0.0  78.16874694824219 183.74374389648438 0.0  78.43875122070312 183.74374389648438 0.0  78.43875122070312 155.94375610351562 0.0
Q  1  78.43875122070312 155.94375610351562 0.0  78.43875122070312 183.74374389648438 0.0  78.70875549316406 183.74374389648438 0.0  78.70875549316406 155.94375610351562 0.0
Q  1  78.70875549316406 155.94375610351562 0.0  78.70875549316406 183.74374389648438 0.0  78.97875213623047 183.74374389648438 0.0  78.97875213623047 155.94375610351562 0.0
Q  1  78.97875213623047 155.94375610351562 0.0  78.97875213623047 183.74374389648438 0.0  79.24874877929688 183.74374389648438 0.0  79.24874877929688 155.94375610351562 0.0
Q  1  73.24874877929688 44.743751525878906 0.0  73.24874877929688 72.54374694824219 0.0  73.51875305175781 72.54374694824219 0.0  73.51875305175781 44.743751525878906 0.0
Q  1  73.24874877929688 72.54374694824219 0.0  73.24874877929688 100.34375 0.0  73.51875305175781 100.34374237060547 0.0  73.51875305175781 72.54374694824219 0.0
Q  1  73.24874877929688 100.34375 0.0  73.24874877929688 128.14373779296875 0.0  73.51875305175781 128.14373779296875 0.0  73.51875305175781 100.34374237060547 0.0
Q  1  73.24874877929688 128.14373779296875 0.0  73.24874877929688 155.94375610351562 0.0  73.51875305175781 155.94374084472656 0.0  73.51875305175781 128.14373779296875 0.0
Q  1  72.16874694824219 44.743751525878906 0.0  72.16874694824219 72.54375457763672 0.0  72.43875122070312 72.54375457763672 0.0  72.43875122070312 44.743751525878906 0.0
Q  1  72.43875122070312 44.743751525878906 0.0  72.43875122070312 72.54375457763672 0.0  72.70875549316406 72.54375457763672 0.0  72.70874786376953 44.743751525878906 0.0
Q  1  72.70874786376953 44.743751525878906 0.0  72.70875549316406 72.54375457763672 0.0  72.97875213623047 72.54375457763672 0.0  72.97874450683594 44.743751525878906 0.0
Q  1  72.97874450683594 44.743751525878906 0.0  72.97875213623047 72.54375457763672 0.0  73.24874877929688 72.54374694824219 0.0  73.24874877929688 44.743751525878906 0.0
Q  1  72.16874694824219 72.54375457763672 0.0  72.16874694824219 100.34375 0.0  72.43875122070312 100.34375 0.0  72.43875122070312 72.54375457763672 0.0
Q  1  72.43875122070312 72.54375457763672 0.0  72.43875122070312 100.34375 0.0  72.70875549316406 100.34375 0.0  72.70875549316406 72.54375457763672 0.0
Q  1  72.70875549316406 72.54375457763672 0.0  72.70875549316406 100.34375 0.0  72.97875213623047 100.34375 0.0  72.97875213623047 72.54375457763672 0.0
Q  1  72.97875213623047 72.54375457763672 0.0  72.97875213623047 100.34375 0.0  73.24874877929688 100.34375 0.0  73.24874877929688 72.54374694824219 0.0
Q  1  72.16874694824219 100.34375 0.0  72.16874694824219 128.1437530517578 0.0  72.43875122070312 128.1437530517578 0.0  72.43875122070312 100.34375 0.0
Q  1  72.43875122070312 100.34375 0.0  72.43875122070312 128.1437530517578 0.0  72.70875549316406 128.1437530517578 0.0  72.70875549316406 100.34375 0.0
Q  1  72.70875549316406 100.34375 0.0  72.70875549316406 128.1437530517578 0.0  72.97875213623047 128.1437530517578 0.0  72.97875213623047 100.34375 0.0
Q  1  72.97875213623047 100.34375 0.0  72.97875213623047 128.1437530517578 0.0  73.24874877929688 128.14373779296875 0.0  73.24874877929688 100.34375 0.0
Q  1  72.16874694824219 128.1437530517578 0.0  72.16874694824219 155.94375610351562 0.0  72.43875122070312 155.94375610351562 0.0  72.43875122070312 128.1437530517578 0.0
Q  1  72.43875122070312 128.1437530517578 0.0  72.43875122070312 155.94375610351562 0.0  72.70875549316406 155.94375610351562 0.0  72.70875549316406 128.1437530517578 0.0
Q  1  72.70875549316406 128.1437530517578 0.0  72.70875549316406 155.94375610351562 0.0  72.97875213623047 155.94375610351562 0.0  72.97875213623047 128.1437530517578 0.0
Q  1  72.97875213623047 128.1437530517578 0.0  72.97875213623047 155.94375610351562 0.0  73.24874877929688 155.94375610351562 0.0  73.24874877929688 128.14373779296875 0.0
Q  1  72.16874694824219 155.94375610351562 0.0  72.16874694824219 183.74374389648438 0.0  72.43875122070312 183.74374389648438 0.0  72.43875122070312 155.94375610351562 0.0
Q  1  72.43875122070312 155.94375610351562 0.0  72.43875122070312 183.74374389648438 0.0  72.70875549316406 183.74374389648438 0.0  72.70875549316406 155.94375610351562 0.0
Q  1  72.70875549316406 155.94375610351562 0.0  72.70875549316406 183.74374389648438 0.0  72.97875213623047 183.74374389648438 0.0  72.97875213623047 155.94375610351562 0.0
Q  1  72.97875213623047 155.94375610351562 0.0  72.97875213623047 183.74374389648438 0.0  73.24874877929688 183.74374389648438 0.0  73.24874877929688 155.94375610351562 0.0
Q  1  67.24874877929688 44.743751525878906 0.0  67.24874877929688 72.54374694824219 0.0  67.51875305175781 72.54374694824219 0.0  67.51875305175781 44.743751525878906 0.0
Q  1  67.24874877929688 72.54374694824219 0.0  67.24874877929688 100.34375 0.0  67.51875305175781 100.34374237060547 0.0  67.51875305175781 72.54374694824219 0.0
Q  1  67.24874877929688 100.34375 0.0  67.24874877929688 128.14373779296875 0.0  67.51875305175781 128.14373779296875 0.0  67.51875305175781 100.34374237060547 0.0
Q  1  67.24874877929688 128.14373779296875 0.0  67.24874877929688 155.94375610351562 0.0  67.51875305175781 155.94374084472656 0.0  67.51875305175781 128.14373779296875 0.0
Q  1  66.16874694824219 44.743751525878906 0.0  66.16874694824219 72.54375457763672 0.0  66.43875122070312 72.54375457763672 0.0  66.43875122070312 44.743751525878906 0.0
Q  1  66.43875122070312 44.743751525878906 0.0  66.43875122070312 72.54375457763672 0.0  66.70875549316406 72.54375457763672 0.0  66.70874786376953 44.743751525878906 0.0
Q  1  66.70874786376953 44.743751525878906 0.0  66.70875549316406 72.54375457763672 0.0  66.97875213623047 72.54375457763672 0.0  66.97874450683594 44.743751525878906 0.0
Q  1  66.97874450683594 44.743751525878906 0.0  66.97875213623047 72.54375457763672 0.0  67.24874877929688 72.54374694824219 0.0  67.24874877929688 44.743751525878906 0.0
Q  1  66.16874694824219 72.54375457763672 0.0  66.16874694824219 100.34375 0.0  66.43875122070312 100.34375 0.0  66.43875122070312 72.54375457763672 0.0
Q  1  66.43875122070312 72.54375457763672 0.0  66.43875122070312 100.34375 0.0  66.70875549316406 100.34375 0.0  66.70875549316406 72.54375457763672 0.0
Q  1  66.70875549316406 72.54375457763672 0.0  66.70875549316406 100.34375 0.0  66.97875213623047 100.34375 0.0  66.97875213623047 72.54375457763672 0.0
Q  1  66.97875213623047 72.54375457763672 0.0  66.97875213623047 100.34375 0.0  67.24874877929688 100.34375 0.0  67.24874877929688 72.54374694824219 0.0
Q  1  66.16874694824219 100.34375 0.0  66.16874694824219 128.1437530517578 0.0  66.43875122070312 128.1437530517578 0.0  66.43875122070312 100.34375 0.0
Q  1  66.43875122070312 100.34375 0.0  66.43875122070312 128.1437530517578 0.0  66.70875549316406 128.1437530517578 0.0  66.70875549316406 100.34375 0.0
Q  1  66.70875549316406 100.34375 0.0  66.70875549316406 128.1437530517578 0.0  66.97875213623047 128.1437530517578 0.0  66.97875213623047 100.34375 0.0
Q  1  66.97875213623047 100.34375 0.0  66.97875213623047 128.1437530517578 0.0  67.24874877929688 128.14373779296875 0.0  67.24874877929688 100.34375 0.0
Q  1  66.16874694824219 128.1437530517578 0.0  66.16874694824219 155.94375610351562 0.0  66.43875122070312 155.94375610351562 0.0  66.43875122070312 128.1437530517578 0.0
Q  1  66.43875122070312 128.1437530517578 0.0  66.43875122070312 155.94375610351562 0.0  66.70875549316406 155.94375610351562 0.0  66.70875549316406 128.1437530517578 0.0
Q  1  66.70875549316406 128.1437530517578 0.0  66.70875549316406 155.94375610351562 0.0  66.97875213623047 155.94375610351562 0.0  66.97875213623047 128.1437530517578 0.0
Q  1  66.97875213623047 128.1437530517578 0.0  66.97875213623047 155.94375610351562 0.0  67.24874877929688 155.94375610351562 0.0  67.24874877929688 128.14373779296875 0.0
Q  1  66.16874694824219 155.94375610351562 0.0  66.16874694824219 183.74374389648438 0.0  66.43875122070312 183.74374389648438 0.0  66.43875122070312 155.94375610351562 0.0
Q  1  66.43875122070312 155.94375610351562 0.0  66.43875122070312 183.74374389648438 0.0  66.70875549316406 183.74374389648438 0.0  66.70875549316406 155.94375610351562 0.0
Q  1  66.70875549316406 155.94375610351562 0.0  66.70875549316406 183.74374389648438 0.0  66.97875213623047 183.74374389648438 0.0  66.97875213623047 155.94375610351562 0.0
Q  1  66.97875213623047 155.94375610351562 0.0  66.97875213623047 183.74374389648438 0.0  67.24874877929688 183.74374389648438 0.0  67.24874877929688 155.94375610351562 0.0
Q  1  61.248748779296875 44.743751525878906 0.0  61.248748779296875 72.54374694824219 0.0  61.51874923706055 72.54374694824219 0.0  61.51874923706055 44.743751525878906 0.0
Q  1  61.248748779296875 72.54374694824219 0.0  61.248748779296875 100.34375 0.0  61.51874923706055 100.34374237060547 0.0  61.51874923706055 72.54374694824219 0.0
Q  1  61.248748779296875 100.34375 0.0  61.248748779296875 128.14373779296875 0.0  61.51874923706055 128.14373779296875 0.0  61.51874923706055 100.34374237060547 0.0
Q  1  61.248748779296875 128.14373779296875 0.0  61.248748779296875 155.94375610351562 0.0  61.51874923706055 155.94374084472656 0.0  61.51874923706055 128.14373779296875 0.0
Q  1  60.16875076293945 44.743751525878906 0.0  60.16875076293945 72.54375457763672 0.0  60.438751220703125 72.54375457763672 0.0  60.438751220703125 44.743751525878906 0.0
Q  1  60.438751220703125 44.743751525878906 0.0  60.438751220703125 72.54375457763672 0.0  60.7087516784668 72.54375457763672 0.0  60.7087516784668 44.743751525878906 0.0
Q  1  60.7087516784668 44.743751525878906 0.0  60.7087516784668 72.54375457763672 0.0  60.97875213623047 72.54375457763672 0.0  60.97875213623047 44.743751525878906 0.0
Q  1  60.97875213623047 44.743751525878906 0.0  60.97875213623047 72.54375457763672 0.0  61.248748779296875 72.54374694824219 0.0  61.248748779296875 44.743751525878906 0.0
Q  1  60.16875076293945 72.54375457763672 0.0  60.16875076293945 100.34375 0.0  60.438751220703125 100.34375 0.0  60.438751220703125 72.54375457763672 0.0
Q  1  60.438751220703125 72.54375457763672 0.0  60.438751220703125 100.34375 0.0  60.7087516784668 100.34375 0.0  60.7087516784668 72.54375457763672 0.0
Q  1  60.7087516784668 72.54375457763672 0.0  60.7087516784668 100.34375 0.0  60.97875213623047 100.34375 0.0  60.97875213623047 72.54375457763672 0.0
Q  1  60.97875213623047 72.54375457763672 0.0  60.97875213623047 100.34375 0.0  61.248748779296875 100.34375 0.0  61.248748779296875 72.54374694824219 0.0
Q  1  60.16875076293945 100.34375 0.0  60.16875076293945 128.1437530517578 0.0  60.438751220703125 128.1437530517578 0.0  60.438751220703125 100.34375 0.0
Q  1  60.438751220703125 100.34375 0.0  60.438751220703125 128.1437530517578 0.0  60.7087516784668 128.1437530517578 0.0  60.7087516784668 100.34375 0.0
Q  1  60.7087516784668 100.34375 0.0  60.7087516784668 128.1437530517578 0.0  60.97875213623047 128.1437530517578 0.0  60.97875213623047 100.34375 0.0
Q  1  60.97875213623047 100.34375 0.0  60.97875213623047 128.1437530517578 0.0  61.248748779296875 128.14373779296875 0.0  61.248748779296875 100.34375 0.0
Q  1  60.16875076293945 128.1437530517578 0.0  60.16875076293945 155.94375610351562 0.0  60.438751220703125 155.94375610351562 0.0  60.438751220703125 128.1437530517578 0.0
Q  1  60.438751220703125 128.1437530517578 0.0  60.438751220703125 155.94375610351562 0.0  60.7087516784668 155.94375610351562 0.0  60.7087516784668 128.1437530517578 0.0
Q  1  60.7087516784668 128.1437530517578 0.0  60.7087516784668 155.94375610351562 0.0  60.97875213623047 155.94375610351562 0.0  60.97875213623047 128.1437530517578 0.0
Q  1  60.97875213623047 128.1437530517578 0.0  60.97875213623047 155.94375610351562 0.0  61.248748779296875 155.94375610351562 0.0  61.248748779296875 128.14373779296875 0.0
Q  1  60.16875076293945 155.94375610351562 0.0  60.16875076293945 183.74374389648438 0.0  60.438751220703125 183.74374389648438 0.0  60.438751220703125 155.94375610351562 0.0
Q  1  60.438751220703125 155.94375610351562 0.0  60.438751220703125 183.74374389648438 0.0  60.7087516784668 183.74374389648438 0.0  60.7087516784668 155.94375610351562 0.0
Q  1  60.7087516784668 155.94375610351562 0.0  60.7087516784668 183.74374389648438 0.0  60.97875213623047 183.74374389648438 0.0  60.97875213623047 155.94375610351562 0.0
Q  1  60.97875213623047 155.94375610351562 0.0  60.97875213623047 183.74374389648438 0.0  61.248748779296875 183.74374389648438 0.0  61.248748779296875 155.94375610351562 0.0
Q  1  55.248748779296875 44.743751525878906 0.0  55.248748779296875 72.54374694824219 0.0  55.51874923706055 72.54374694824219 0.0  55.51874923706055 44.743751525878906 0.0
Q  1  55.248748779296875 72.54374694824219 0.0  55.248748779296875 100.34375 0.0  55.51874923706055 100.34374237060547 0.0  55.51874923706055 72.54374694824219 0.0
Q  1  55.248748779296875 100.34375 0.0  55.248748779296875 128.14373779296875 0.0  55.51874923706055 128.14373779296875 0.0  55.51874923706055 100.34374237060547 0.0
Q  1  55.248748779296875 128.14373779296875 0.0  55.248748779296875 155.94375610351562 0.0  55.51874923706055 155.94374084472656 0.0  55.51874923706055 128.14373779296875 0.0
Q  1  54.16875076293945 44.743751525878906 0.0  54.16875076293945 72.54375457763672 0.0  54.438751220703125 72.54375457763672 0.0  54.438751220703125 44.743751525878906 0.0
Q  1  54.438751220703125 44.743751525878906 0.0  54.438751220703125 72.54375457763672 0.0  54.7087516784668 72.54375457763672 0.0  54.70874786376953 44.743751525878906 0.0
Q  1  54.70874786376953 44.743751525878906 0.0  54.7087516784668 72.54375457763672 0.0  54.97875213623047 72.54375457763672 0.0  54.9787483215332 44.743751525878906 0.0
Q  1  54.9787483215332 44.743751525878906 0.0  54.97875213623047 72.54375457763672 0.0  55.248748779296875 72.54374694824219 0.0  55.248748779296875 44.743751525878906 0.0
Q  1  54.16875076293945 72.54375457763672 0.0  54.16875076293945 100.34375 0.0  54.438751220703125 100.34375 0.0  54.438751220703125 72.54375457763672 0.0
Q  1  54.438751220703125 72.54375457763672 0.0  54.438751220703125 100.34375 0.0  54.7087516784668 100.34375 0.0  54.7087516784668 72.54375457763672 0.0
Q  1  54.7087516784668 72.54375457763672 0.0  54.7087516784668 100.34375 0.0  54.97875213623047 100.34375 0.0  54.97875213623047 72.54375457763672 0.0
Q  1  54.97875213623047 72.54375457763672 0.0  54.97875213623047 100.34375 0.0  55.248748779296875 100.34375 0.0  55.248748779296875 72.54374694824219 0.0
Q  1  54.16875076293945 100.34375 0.0  54.16875076293945 128.1437530517578 0.0  54.438751220703125 128.1437530517578 0.0  54.438751220703125 100.34375 0.0
Q  1  54.438751220703125 100.34375 0.0  54.438751220703125 128.1437530517578 0.0  54.7087516784668 128.1437530517578 0.0  54.7087516784668 100.34375 0.0
Q  1  54.7087516784668 100.34375 0.0  54.7087516784668 128.1437530517578 0.0  54.97875213623047 128.1437530517578 0.0  54.97875213623047 100.34375 0.0
Q  1  54.97875213623047 100.34375 0.0  54.97875213623047 128.1437530517578 0.0  55.248748779296875 128.14373779296875 0.0  55.248748779296875 100.34375 0.0
Q  1  54.16875076293945 128.1437530517578 0.0  54.16875076293945 155.94375610351562 0.0  54.438751220703125 155.94375610351562 0.0  54.438751220703125 128.1437530517578 0.0
Q  1  54.438751220703125 128.1437530517578 0.0  54.438751220703125 155.94375610351562 0.0  54.7087516784668 155.94375610351562 0.0  54.7087516784668 128.1437530517578 0.0
Q  1  54.7087516784668 128.1437530517578 0.0  54.7087516784668 155.94375610351562 0.0  54.97875213623047 155.94375610351562 0.0  54.97875213623047 128.1437530517578 0.0
Q  1  54.97875213623047 128.1437530517578 0.0  54.97875213623047 155.94375610351562 0.0  55.248748779296875 155.94375610351562 0.0  55.248748779296875 128.14373779296875 0.0
Q  1  54.16875076293945 155.94375610351562 0.0  54.16875076293945 183.74374389648438 0.0  54.438751220703125 183.74374389648438 0.0  54.438751220703125 155.94375610351562 0.0
Q  1  54.438751220703125 155.94375610351562 0.0  54.438751220703125 183.74374389648438 0.0  54.7087516784668 183.74374389648438 0.0  54.7087516784668 155.94375610351562 0.0
Q  1  54.7087516784668 155.94375610351562 0.0  54.7087516784668 183.74374389648438 0.0  54.97875213623047 183.74374389648438 0.0  54.97875213623047 155.94375610351562 0.0
Q  1  54.97875213623047 155.94375610351562 0.0  54.97875213623047 183.74374389648438 0.0  55.248748779296875 183.74374389648438 0.0  55.248748779296875 155.94375610351562 0.0
Q  1  49.248748779296875 44.743751525878906 0.0  49.248748779296875 72.54374694824219 0.0  49.51874923706055 72.54374694824219 0.0  49.51874923706055 44.743751525878906 0.0
Q  1  49.248748779296875 72.54374694824219 0.0  49.248748779296875 100.34375 0.0  49.51874923706055 100.34374237060547 0.0  49.51874923706055 72.54374694824219 0.0
Q  1  49.248748779296875 100.34375 0.0  49.248748779296875 128.14373779296875 0.0  49.51874923706055 128.14373779296875 0.0  49.51874923706055 100.34374237060547 0.0
Q  1  49.248748779296875 128.14373779296875 0.0  49.248748779296875 155.94375610351562 0.0  49.51874923706055 155.94374084472656 0.0  49.51874923706055 128.14373779296875 0.0
Q  1  48.16875076293945 44.743751525878906 0.0  48.16875076293945 72.54375457763672 0.0  48.438751220703125 72.54375457763672 0.0  48.438751220703125 44.743751525878906 0.0
Q  1  48.438751220703125 44.743751525878906 0.0  48.438751220703125 72.54375457763672 0.0  48.7087516784668 72.54375457763672 0.0  48.7087516784668 44.743751525878906 0.0
Q  1  48.7087516784668 44.743751525878906 0.0  48.7087516784668 72.54375457763672 0.0  48.97875213623047 72.54375457763672 0.0  48.97875213623047 44.743751525878906 0.0
Q  1  48.97875213623047 44.743751525878906 0.0  48.97875213623047 72.54375457763672 0.0  49.248748779296875 72.54374694824219 0.0  49.248748779296875 44.743751525878906 0.0
Q  1  48.16875076293945 72.54375457763672 0.0  48.16875076293945 100.34375 0.0  48.438751220703125 100.34375 0.0  48.438751220703125 72.54375457763672 0.0
Q  1  48.438751220703125 72.54375457763672 0.0  48.438751220703125 100.34375 0.0  48.7087516784668 100.34375 0.0  48.7087516784668 72.54375457763672 0.0
Q  1  48.7087516784668 72.54375457763672 0.0  48.7087516784668 100.34375 0.0  48.97875213623047 100.34375 0.0  48.97875213623047 72.54375457763672 0.0
Q  1  48.97875213623047 72.54375457763672 0.0  48.97875213623047 100.34375 0.0  49.248748779296875 100.34375 0.0  49.248748779296875 72.54374694824219 0.0
Q  1  48.16875076293945 100.34375 0.0  48.16875076293945 128.1437530517578 0.0  48.438751220703125 128.1437530517578 0.0  48.438751220703125 100.34375 0.0
Q  1  48.438751220703125 100.34375 0.0  48.438751220703125 128.1437530517578 0.0  48.7087516784668 128.1437530517578 0.0  48.7087516784668 100.34375 0.0
Q  1  48.7087516784668 100.34375 0.0  48.7087516784668 128.1437530517578 0.0  48.97875213623047 128.1437530517578 0.0  48.97875213623047 100.34375 0.0
Q  1  48.97875213623047 100.34375 0.0  48.97875213623047 128.1437530517578 0.0  49.248748779296875 128.14373779296875 0.0  49.248748779296875 100.34375 0.0
Q  1  48.16875076293945 128.1437530517578 0.0  48.16875076293945 155.94375610351562 0.0  48.438751220703125 155.94375610351562 0.0  48.438751220703125 128.1437530517578 0.0
Q  1  48.438751220703125 128.1437530517578 0.0  48.438751220703125 155.94375610351562 0.0  48.7087516784668 155.94375610351562 0.0  48.7087516784668 128.1437530517578 0.0
Q  1  48.7087516784668 128.1437530517578 0.0  48.7087516784668 155.94375610351562 0.0  48.97875213623047 155.94375610351562 0.0  48.97875213623047 128.1437530517578 0.0
Q  1  48.97875213623047 128.1437530517578 0.0  48.97875213623047 155.94375610351562 0.0  49.248748779296875 155.94375610351562 0.0  49.248748779296875 128.14373779296875 0.0
Q  1  48.16875076293945 155.94375610351562 0.0  48.16875076293945 183.74374389648438 0.0  48.438751220703125 183.74374389648438 0.0  48.438751220703125 155.94375610351562 0.0
Q  1  48.438751220703125 155.94375610351562 0.0  48.438751220703125 183.74374389648438 0.0  48.7087516784668 183.74374389648438 0.0  48.7087516784668 155.94375610351562 0.0
Q  1  48.7087516784668 155.94375610351562 0.0  48.7087516784668 183.74374389648438 0.0  48.97875213623047 183.74374389648438 0.0  48.97875213623047 155.94375610351562 0.0
Q  1  48.97875213623047 155.94375610351562 0.0  48.97875213623047 183.74374389648438 0.0  49.248748779296875 183.74374389648438 0.0  49.248748779296875 155.94375610351562 0.0
Q  1  43.248748779296875 44.743751525878906 0.0  43.248748779296875 72.54374694824219 0.0  43.51874923706055 72.54374694824219 0.0  43.51874923706055 44.743751525878906 0.0
Q  1  43.248748779296875 72.54374694824219 0.0  43.248748779296875 100.34375 0.0  43.51874923706055 100.34374237060547 0.0  43.51874923706055 72.54374694824219 0.0
Q  1  43.248748779296875 100.34375 0.0  43.248748779296875 128.14373779296875 0.0  43.51874923706055 128.14373779296875 0.0  43.51874923706055 100.34374237060547 0.0
Q  1  43.248748779296875 128.14373779296875 0.0  43.248748779296875 155.94375610351562 0.0  43.51874923706055 155.94374084472656 0.0  43.51874923706055 128.14373779296875 0.0
Q  1  42.16875076293945 44.743751525878906 0.0  42.16875076293945 72.54375457763672 0.0  42.438751220703125 72.54375457763672 0.0  42.438751220703125 44.743751525878906 0.0
Q  1  42.438751220703125 44.743751525878906 0.0  42.438751220703125 72.54375457763672 0.0  42.7087516784668 72.54375457763672 0.0  42.7087516784668 44.743751525878906 0.0
Q  1  42.7087516784668 44.743751525878906 0.0  42.7087516784668 72.54375457763672 0.0  42.97875213623047 72.54375457763672 0.0  42.97875213623047 44.743751525878906 0.0
Q  1  42.97875213623047 44.743751525878906 0.0  42.97875213623047 72.54375457763672 0.0  43.248748779296875 72.54374694824219 0.0  43.248748779296875 44.743751525878906 0.0
Q  1  42.16875076293945 72.54375457763672 0.0  42.16875076293945 100.34375 0.0  42.438751220703125 100.34375 0.0  42.438751220703125 72.54375457763672 0.0
Q  1  42.438751220703125 72.54375457763672 0.0  42.438751220703125 100.34375 0.0  42.7087516784668 100.34375 0.0  42.7087516784668 72.54375457763672 0.0
Q  1  42.7087516784668 72.54375457763672 0.0  42.7087516784668 100.34375 0.0  42.97875213623047 100.34375 0.0  42.97875213623047 72.54375457763672 0.0
Q  1  42.97875213623047 72.54375457763672 0.0  42.97875213623047 100.34375 0.0  43.248748779296875 100.34375 0.0  43.248748779296875 72.54374694824219 0.0
Q  1  42.16875076293945 100.34375 0.0  42.16875076293945 128.1437530517578 0.0  42.438751220703125 128.1437530517578 0.0  42.438751220703125 100.34375 0.0
Q  1  42.438751220703125 100.34375 0.0  42.438751220703125 128.1437530517578 0.0  42.7087516784668 128.1437530517578 0.0  42.7087516784668 100.34375 0.0
Q  1  42.7087516784668 100.34375 0.0  42.7087516784668 128.1437530517578 0.0  42.97875213623047 128.1437530517578 0.0  42.97875213623047 100.34375 0.0
Q  1  42.97875213623047 100.34375 0.0  42.97875213623047 128.1437530517578 0.0  43.248748779296875 128.14373779296875 0.0  43.248748779296875 100.34375 0.0
Q  1  42.16875076293945 128.1437530517578 0.0  42.16875076293945 155.94375610351562 0.0  42.438751220703125 155.94375610351562 0.0  42.438751220703125 128.1437530517578 0.0
Q  1  42.438751220703125 128.1437530517578 0.0  42.438751220703125 155.94375610351562 0.0  42.7087516784668 155.94375610351562 0.0  42.7087516784668 128.1437530517578 0.0
Q  1  42.7087516784668 128.1437530517578 0.0  42.7087516784668 155.94375610351562 0.0  42.97875213623047 155.94375610351562 0.0  42.97875213623047 128.1437530517578 0.0
Q  1  42.97875213623047 128.1437530517578 0.0  42.97875213623047 155.94375610351562 0.0  43.248748779296875 155.94375610351562 0.0  43.248748779296875 128.14373779296875 0.0
Q  1  42.16875076293945 155.94375610351562 0.0  42.16875076293945 183.74374389648438 0.0  42.438751220703125 183.74374389648438 0.0  42.438751220703125 155.94375610351562 0.0
Q  1  42.438751220703125 155.94375610351562 0.0  42.438751220703125 183.74374389648438 0.0  42.7087516784668 183.74374389648438 0.0  42.7087516784668 155.94375610351562 0.0
Q  1  42.7087516784668 155.94375610351562 0.0  42.7087516784668 183.74374389648438 0.0  42.97875213623047 183.74374389648438 0.0  42.97875213623047 155.94375610351562 0.0
Q  1  42.97875213623047 155.94375610351562 0.0  42.97875213623047 183.74374389648438 0.0  43.248748779296875 183.74374389648438 0.0  43.248748779296875 155.94375610351562 0.0
Q  1  37.248748779296875 44.743751525878906 0.0  37.248748779296875 72.54374694824219 0.0  37.51874923706055 72.54374694824219 0.0  37.51874923706055 44.743751525878906 0.0
Q  1  37.248748779296875 72.54374694824219 0.0  37.248748779296875 100.34375 0.0  37.51874923706055 100.34374237060547 0.0  37.51874923706055 72.54374694824219 0.0
Q  1  37.248748779296875 100.34375 0.0  37.248748779296875 128.14373779296875 0.0  37.51874923706055 128.14373779296875 0.0  37.51874923706055 100.34374237060547 0.0
Q  1  37.248748779296875 128.14373779296875 0.0  37.248748779296875 155.94375610351562 0.0  37.51874923706055 155.94374084472656 0.0  37.51874923706055 128.14373779296875 0.0
Q  1  36.16875076293945 44.743751525878906 0.0  36.16875076293945 72.54375457763672 0.0  36.438751220703125 72.54375457763672 0.0  36.438751220703125 44.743751525878906 0.0
Q  1  36.438751220703125 44.743751525878906 0.0  36.438751220703125 72.54375457763672 0.0  36.7087516784668 72.54375457763672 0.0  36.70874786376953 44.743751525878906 0.0
Q  1  36.70874786376953 44.743751525878906 0.0  36.7087516784668 72.54375457763672 0.0  36.97875213623047 72.54375457763672 0.0  36.9787483215332 44.743751525878906 0.0
Q  1  36.9787483215332 44.743751525878906 0.0  36.97875213623047 72.54375457763672 0.0  37.248748779296875 72.54374694824219 0.0  37.248748779296875 44.743751525878906 0.0
Q  1  36.16875076293945 72.54375457763672 0.0  36.16875076293945 100.34375 0.0  36.438751220703125 100.34375 0.0  36.438751220703125 72.54375457763672 0.0
Q  1  36.438751220703125 72.54375457763672 0.0  36.438751220703125 100.34375 0.0  36.7087516784668 100.34375 0.0  36.7087516784668 72.54375457763672 0.0
Q  1  36.7087516784668 72.54375457763672 0.0  36.7087516784668 100.34375 0.0  36.97875213623047 100.34375 0.0  36.97875213623047 72.54375457763672 0.0
Q  1  36.97875213623047 72.54375457763672 0.0  36.97875213623047 100.34375 0.0  37.248748779296875 100.34375 0.0  37.248748779296875 72.54374694824219 0.0
Q  1  36.16875076293945 100.34375 0.0  36.16875076293945 128.1437530517578 0.0  36.438751220703125 128.1437530517578 0.0  36.438751220703125 100.34375 0.0
Q  1  36.438751220703125 100.34375 0.0  36.438751220703125 128.1437530517578 0.0  36.7087516784668 128.1437530517578 0.0  36.7087516784668 100.34375 0.0
Q  1  36.7087516784668 100.34375 0.0  36.7087516784668 128.1437530517578 0.0  36.97875213623047 128.1437530517578 0.0  36.97875213623047 100.34375 0.0
Q  1  36.97875213623047 100.34375 0.0  36.97875213623047 128.1437530517578 0.0  37.248748779296875 128.14373779296875 0.0  37.248748779296875 100.34375 0.0
Q  1  36.16875076293945 128.1437530517578 0.0  36.16875076293945 155.94375610351562 0.0  36.438751220703125 155.94375610351562 0.0  36.438751220703125 128.1437530517578 0.0
Q  1  36.438751220703125 128.1437530517578 0.0  36.438751220703125 155.94375610351562 0.0  36.7087516784668 155.94375610351562 0.0  36.7087516784668 128.1437530517578 0.0
Q  1  36.7087516784668 128.1437530517578 0.0  36.7087516784668 155.94375610351562 0.0  36.97875213623047 155.94375610351562 0.0  36.97875213623047 128.1437530517578 0.0
Q  1  36.97875213623047 128.1437530517578 0.0  36.97875213623047 155.94375610351562 0.0  37.248748779296875 155.94375610351562 0.0  37.248748779296875 128.14373779296875 0.0
Q  1  36.16875076293945 155.94375610351562 0.0  36.16875076293945 183.74374389648438 0.0  36.438751220703125 183.74374389648438 0.0  36.438751220703125 155.94375610351562 0.0
Q  1  36.438751220703125 155.94375610351562 0.0  36.438751220703125 183.74374389648438 0.0  36.7087516784668 183.74374389648438 0.0  36.7087516784668 155.94375610351562 0.0
Q  1  36.7087516784668 155.94375610351562 0.0  36.7087516784668 183.74374389648438 0.0  36.97875213623047 183.74374389648438 0.0  36.97875213623047 155.94375610351562 0.0
Q  1  36.97875213623047 155.94375610351562 0.0  36.97875213623047 183.74374389648438 0.0  37.248748779296875 183.74374389648438 0.0  37.248748779296875 155.94375610351562 0.0
Q  1  31.248748779296875 44.743751525878906 0.0  31.248748779296875 72.54374694824219 0.0  31.518749237060547 72.54374694824219 0.0  31.518749237060547 44.743751525878906 0.0
Q  1  31.248748779296875 72.54374694824219 0.0  31.248748779296875 100.34375 0.0  31.518749237060547 100.34374237060547 0.0  31.518749237060547 72.54374694824219 0.0
Q  1  31.248748779296875 100.34375 0.0  31.248748779296875 128.14373779296875 0.0  31.518749237060547 128.14373779296875 0.0  31.518749237060547 100.34374237060547 0.0
Q  1  31.248748779296875 128.14373779296875 0.0  31.248748779296875 155.94375610351562 0.0  31.518749237060547 155.94374084472656 0.0  31.518749237060547 128.14373779296875 0.0
Q  1  30.168750762939453 44.743751525878906 0.0  30.168750762939453 72.54375457763672 0.0  30.438751220703125 72.54375457763672 0.0  30.438751220703125 44.743751525878906 0.0
Q  1  30.438751220703125 44.743751525878906 0.0  30.438751220703125 72.54375457763672 0.0  30.708751678466797 72.54375457763672 0.0  30.708749771118164 44.743751525878906 0.0
Q  1  30.708749771118164 44.743751525878906 0.0  30.708751678466797 72.54375457763672 0.0  30.978750228881836 72.54375457763672 0.0  30.978748321533203 44.743751525878906 0.0
Q  1  30.978748321533203 44.743751525878906 0.0  30.978750228881836 72.54375457763672 0.0  31.248748779296875 72.54374694824219 0.0  31.248748779296875 44.743751525878906 0.0
Q  1  30.168750762939453 72.54375457763672 0.0  30.168750762939453 100.34375 0.0  30.438751220703125 100.34375 0.0  30.438751220703125 72.54375457763672 0.0
Q  1  30.438751220703125 72.54375457763672 0.0  30.438751220703125 100.34375 0.0  30.708751678466797 100.34375 0.0  30.708751678466797 72.54375457763672 0.0
Q  1  30.708751678466797 72.54375457763672 0.0  30.708751678466797 100.34375 0.0  30.978750228881836 100.34375 0.0  30.978750228881836 72.54375457763672 0.0
Q  1  30.978750228881836 72.54375457763672 0.0  30.978750228881836 100.34375 0.0  31.248748779296875 100.34375 0.0  31.248748779296875 72.54374694824219 0.0
Q  1  30.168750762939453 100.34375 0.0  30.168750762939453 128.1437530517578 0.0  30.438751220703125 128.1437530517578 0.0  30.438751220703125 100.34375 0.0
Q  1  30.438751220703125 100.34375 0.0  30.438751220703125 128.1437530517578 0.0  30.708751678466797 128.1437530517578 0.0  30.708751678466797 100.34375 0.0
Q  1  30.708751678466797 100.34375 0.0  30.708751678466797 128.1437530517578 0.0  30.978750228881836 128.1437530517578 0.0  30.978750228881836 100.34375 0.0
Q  1  30.978750228881836 100.34375 0.0  30.978750228881836 128.1437530517578 0.0  31.248748779296875 128.14373779296875 0.0  31.248748779296875 100.34375 0.0
Q  1  30.168750762939453 128.1437530517578 0.0  30.168750762939453 155.94375610351562 0.0  30.438751220703125 155.94375610351562 0.0  30.438751220703125 128.1437530517578 0.0
Q  1  30.438751220703125 128.1437530517578 0.0  30.438751220703125 155.94375610351562 0.0  30.708751678466797 155.94375610351562 0.0  30.708751678466797 128.1437530517578 0.0
Q  1  30.708751678466797 128.1437530517578 0.0  30.708751678466797 155.94375610351562 0.0  30.978750228881836 155.94375610351562 0.0  30.978750228881836 128.1437530517578 0.0
Q  1  30.978750228881836 128.1437530517578 0.0  30.978750228881836 155.94375610351562 0.0  31.248748779296875 155.94375610351562 0.0  31.248748779296875 128.14373779296875 0.0
Q  1  30.168750762939453 155.94375610351562 0.0  30.168750762939453 183.74374389648438 0.0  30.438751220703125 183.74374389648438 0.0  30.438751220703125 155.94375610351562 0.0
Q  1  30.438751220703125 155.94375610351562 0.0  30.438751220703125 183.74374389648438 0.0  30.708751678466797 183.74374389648438 0.0  30.708751678466797 155.94375610351562 0.0
Q  1  30.708751678466797 155.94375610351562 0.0  30.708751678466797 183.74374389648438 0.0  30.978750228881836 183.74374389648438 0.0  30.978750228881836 155.94375610351562 0.0
Q  1  30.978750228881836 155.94375610351562 0.0  30.978750228881836 183.74374389648438 0.0  31.248748779296875 183.74374389648438 0.0  31.248748779296875 155.94375610351562 0.0
Q  1  25.248748779296875 44.743751525878906 0.0  25.248748779296875 72.54374694824219 0.0  25.518749237060547 72.54374694824219 0.0  25.518749237060547 44.743751525878906 0.0
Q  1  25.248748779296875 72.54374694824219 0.0  25.248748779296875 100.34375 0.0  25.518749237060547 100.34374237060547 0.0  25.518749237060547 72.54374694824219 0.0
Q  1  25.248748779296875 100.34375 0.0  25.248748779296875 128.14373779296875 0.0  25.518749237060547 128.14373779296875 0.0  25.518749237060547 100.34374237060547 0.0
Q  1  25.248748779296875 128.14373779296875 0.0  25.248748779296875 155.94375610351562 0.0  25.518749237060547 155.94374084472656 0.0  25.518749237060547 128.14373779296875 0.0
Q  1  24.168750762939453 44.743751525878906 0.0  24.168750762939453 72.54375457763672 0.0  24.438751220703125 72.54375457763672 0.0  24.438751220703125 44.743751525878906 0.0
Q  1  24.438751220703125 44.743751525878906 0.0  24.438751220703125 72.54375457763672 0.0  24.708751678466797 72.54375457763672 0.0  24.708749771118164 44.743751525878906 0.0
Q  1  24.708749771118164 44.743751525878906 0.0  24.708751678466797 72.54375457763672 0.0  24.978750228881836 72.54375457763672 0.0  24.978748321533203 44.743751525878906 0.0
Q  1  24.978748321533203 44.743751525878906 0.0  24.978750228881836 72.54375457763672 0.0  25.248748779296875 72.54374694824219 0.0  25.248748779296875 44.743751525878906 0.0
Q  1  24.168750762939453 72.54375457763672 0.0  24.168750762939453 100.34375 0.0  24.438751220703125 100.34375 0.0  24.438751220703125 72.54375457763672 0.0
Q  1  24.438751220703125 72.54375457763672 0.0  24.438751220703125 100.34375 0.0  24.708751678466797 100.34375 0.0  24.708751678466797 72.54375457763672 0.0
Q  1  24.708751678466797 72.54375457763672 0.0  24.708751678466797 100.34375 0.0  24.978750228881836 100.34375 0.0  24.978750228881836 72.54375457763672 0.0
Q  1  24.978750228881836 72.54375457763672 0.0  24.978750228881836 100.34375 0.0  25.248748779296875 100.34375 0.0  25.248748779296875 72.54374694824219 0.0
Q  1  24.168750762939453 100.34375 0.0  24.168750762939453 128.1437530517578 0.0  24.438751220703125 128.1437530517578 0.0  24.438751220703125 100.34375 0.0
Q  1  24.438751220703125 100.34375 0.0  24.438751220703125 128.1437530517578 0.0  24.708751678466797 128.1437530517578 0.0  24.708751678466797 100.34375 0.0
Q  1  24.708751678466797 100.34375 0.0  24.708751678466797 128.1437530517578 0.0  24.978750228881836 128.1437530517578 0.0  24.978750228881836 100.34375 0.0
Q  1  24.978750228881836 100.34375 0.0  24.978750228881836 128.1437530517578 0.0  25.248748779296875 128.14373779296875 0.0  25.248748779296875 100.34375 0.0
Q  1  24.168750762939453 128.1437530517578 0.0  24.168750762939453 155.94375610351562 0.0  24.438751220703125 155.94375610351562 0.0  24.438751220703125 128.1437530517578 0.0
Q  1  24.438751220703125 128.1437530517578 0.0  24.438751220703125 155.94375610351562 0.0  24.708751678466797 155.94375610351562 0.0  24.708751678466797 128.1437530517578 0.0
Q  1  24.708751678466797 128.1437530517578 0.0  24.708751678466797 155.94375610351562 0.0  24.978750228881836 155.94375610351562 0.0  24.978750228881836 128.1437530517578 0.0
Q  1  24.978750228881836 128.1437530517578 0.0  24.978750228881836 155.94375610351562 0.0  25.248748779296875 155.94375610351562 0.0  25.248748779296875 128.14373779296875 0.0
Q  1  24.168750762939453 155.94375610351562 0.0  24.168750762939453 183.74374389648438 0.0  24.438751220703125 183.74374389648438 0.0  24.438751220703125 155.94375610351562 0.0
Q  1  24.438751220703125 155.94375610351562 0.0  24.438751220703125 183.74374389648438 0.0  24.708751678466797 183.74374389648438 0.0  24.708751678466797 155.94375610351562 0.0
Q  1  24.708751678466797 155.94375610351562 0.0  24.708751678466797 183.74374389648438 0.0  24.978750228881836 183.74374389648438 0.0  24.978750228881836 155.94375610351562 0.0
Q  1  24.978750228881836 155.94375610351562 0.0  24.978750228881836 183.74374389648438 0.0  25.248748779296875 183.74374389648438 0.0  25.248748779296875 155.94375610351562 0.0
Q  1  19.248748779296875 44.743751525878906 0.0  19.248748779296875 72.54375457763672 0.0  19.518749237060547 72.54375457763672 0.0  19.518749237060547 44.743751525878906 0.0
Q  1  19.248748779296875 72.54375457763672 0.0  19.248748779296875 100.34375 0.0  19.518749237060547 100.34375 0.0  19.518749237060547 72.54375457763672 0.0
Q  1  19.248748779296875 100.34375 0.0  19.248748779296875 128.1437530517578 0.0  19.518749237060547 128.1437530517578 0.0  19.518749237060547 100.34375 0.0
Q  1  19.248748779296875 128.1437530517578 0.0  19.248748779296875 155.94375610351562 0.0  19.518749237060547 155.94375610351562 0.0  19.518749237060547 128.1437530517578 0.0
Q  1  18.168750762939453 44.743751525878906 0.0  18.168750762939453 72.54375457763672 0.0  18.438751220703125 72.54375457763672 0.0  18.438751220703125 44.743751525878906 0.0
Q  1  18.438751220703125 44.743751525878906 0.0  18.438751220703125 72.54375457763672 0.0  18.708751678466797 72.54375457763672 0.0  18.708749771118164 44.743751525878906 0.0
Q  1  18.708749771118164 44.743751525878906 0.0  18.708751678466797 72.54375457763672 0.0  18.978750228881836 72.54375457763672 0.0  18.978748321533203 44.743751525878906 0.0
Q  1  18.978748321533203 44.743751525878906 0.0  18.978750228881836 72.54375457763672 0.0  19.248748779296875 72.54375457763672 0.0  19.248748779296875 44.743751525878906 0.0
Q  1  18.168750762939453 72.54375457763672 0.0  18.168750762939453 100.34375 0.0  18.438751220703125 100.34375 0.0  18.438751220703125 72.54375457763672 0.0
Q  1  18.438751220703125 72.54375457763672 0.0  18.438751220703125 100.34375 0.0  18.708751678466797 100.34375 0.0  18.708751678466797 72.54375457763672 0.0
Q  1  18.708751678466797 72.54375457763672 0.0  18.708751678466797 100.34375 0.0  18.978750228881836 100.34375 0.0  18.978750228881836 72.54375457763672 0.0
Q  1  18.978750228881836 72.54375457763672 0.0  18.978750228881836 100.34375 0.0  19.248748779296875 100.34375 0.0  19.248748779296875 72.54375457763672 0.0
Q  1  18.168750762939453 100.34375 0.0  18.168750762939453 128.1437530517578 0.0  18.438751220703125 128.1437530517578 0.0  18.438751220703125 100.34375 0.0
Q  1  18.438751220703125 100.34375 0.0  18.438751220703125 128.1437530517578 0.0  18.708751678466797 128.1437530517578 0.0  18.708751678466797 100.34375 0.0
Q  1  18.708751678466797 100.34375 0.0  18.708751678466797 128.1437530517578 0.0  18.978750228881836 128.1437530517578 0.0  18.978750228881836 100.34375 0.0
Q  1  18.978750228881836 100.34375 0.0  18.978750228881836 128.1437530517578 0.0  19.248748779296875 128.1437530517578 0.0  19.248748779296875 100.34375 0.0
Q  1  18.168750762939453 128.1437530517578 0.0  18.168750762939453 155.94375610351562 0.0  18.438751220703125 155.94375610351562 0.0  18.438751220703125 128.1437530517578 0.0
Q  1  18.438751220703125 128.1437530517578 0.0  18.438751220703125 155.94375610351562 0.0  18.708751678466797 155.94375610351562 0.0  18.708751678466797 128.1437530517578 0.0
Q  1  18.708751678466797 128.1437530517578 0.0  18.708751678466797 155.94375610351562 0.0  18.978750228881836 155.94375610351562 0.0  18.978750228881836 128.1437530517578 0.0
Q  1  18.978750228881836 128.1437530517578 0.0  18.978750228881836 155.94375610351562 0.0  19.248748779296875 155.94375610351562 0.0  19.248748779296875 128.1437530517578 0.0
Q  1  18.168750762939453 155.94375610351562 0.0  18.168750762939453 183.74374389648438 0.0  18.438751220703125 183.74374389648438 0.0  18.438751220703125 155.94375610351562 0.0
Q  1  18.438751220703125 155.94375610351562 0.0  18.438751220703125 183.74374389648438 0.0  18.708751678466797 183.74374389648438 0.0  18.708751678466797 155.94375610351562 0.0
Q  1  18.708751678466797 155.94375610351562 0.0  18.708751678466797 183.74374389648438 0.0  18.978750228881836 183.74374389648438 0.0  18.978750228881836 155.94375610351562 0.0
Q  1  18.978750228881836 155.94375610351562 0.0  18.978750228881836 183.74374389648438 0.0  19.248748779296875 183.74374389648438 0.0  19.248748779296875 155.94375610351562 0.0
N  1  Upper